7.75560864839632
11.0413153026704
7.22801424369412
8.43902433813142
9.84386089091943
8.24389059618219
1
1
1
1
1
1
3.35179079652999
4.43203842468264
4.65065811756878
3.85590727850299
4.33709126778639
4.90493767652593
1
12.8735488973374
1
1
1
1
8.26027979686357
2.80270512559036
4.31388632115760
8.20887407518546
2.76382187647188
5.41404653178681
12.2359239483599
1
1
1
1
1
8.94966594643586
3.29574977223703
5.70167167840648
9.08097507108241
3.69654295269892
6.14643081393100
1
1
1
10.6739134109469
1
1
7.29485499661289
4.93041520874019
7.61603768181067
7.72285284975347
4.86786998579123
8.30709894571991
1
1
1
1
14.2453096256347
1
6.16347814785400
9.20777093003704
8.42052442974081
6.39175266664944
8.98428412594474
9.39797350309194
1
1
1
1
1
17.0458498630180
5.79745601821352
7.11039820774195
13.2816317803284
6.66378970369641
6.61252155841857
13.1486365528843
1
1
22.2408724050020
1
1
1