-0.094242 -0.012392 0.039046 0.028823 0.000000 -1.000000 
-0.062256 -0.048249 0.272903 -0.375670 0.000000 -1.000000 
0.009478 -0.153920 0.426271 -0.650888 0.000000 -1.000000 
0.099506 -0.293878 0.451383 -0.710558 0.000000 -1.000000 
0.180906 -0.422850 0.343040 -0.546840 0.000000 -1.000000 
0.230079 -0.501832 0.137551 -0.225220 0.000000 -1.000000 
0.233330 -0.508812 -0.105529 0.156369 2.000000 -1.000000 
0.164377 -0.376051 -0.568977 1.145752 2.000000 -1.000000 
0.016341 -0.069668 -0.872732 1.844625 2.000000 -1.000000 
-0.164661 0.322605 -0.884563 1.973993 2.000000 -1.000000 
-0.317220 0.680338 -0.602869 1.529913 1.000000 -1.000000 
-0.383622 0.883822 -0.051958 0.485138 0.000000 -1.000000 
-0.326946 0.841861 0.607701 -0.897333 0.000000 -1.000000 
-0.148343 0.532850 1.146715 -2.147890 0.000000 -1.000000 
0.111824 0.017087 1.385021 -2.875597 0.000000 -1.000000 
0.371310 -0.549283 1.132777 -2.636686 0.000000 -1.000000 
0.541159 -0.993254 0.532434 -1.744088 0.000000 -1.000000 
0.578137 -1.235659 -0.162766 -0.669765 0.000000 -1.000000 
0.480527 -1.260477 -0.791881 0.415743 2.000000 -1.000000 
0.253304 -1.018929 -1.444373 1.980893 2.000000 -1.000000 
-0.079635 -0.484861 -1.825613 3.268390 2.000000 -1.000000 
-0.441506 0.221003 -1.685557 3.573094 2.000000 -1.000000 
-0.711869 0.861706 -0.950387 2.710672 2.000000 -1.000000 
-0.807328 1.282542 0.005764 1.477366 1.000000 -1.000000 
-0.703493 1.423093 1.005393 -0.072506 0.000000 -1.000000 
-0.412101 1.227354 1.858150 -1.878140 0.000000 -1.000000 
0.016644 0.682511 2.361442 -3.493304 0.000000 -1.000000 
0.493811 -0.101493 2.283496 -4.087455 0.000000 -1.000000 
0.876730 -0.844157 1.457065 -3.179235 1.000000 -1.000000 
1.047822 -1.321628 0.243234 -1.596575 0.000000 -1.000000 
0.984362 -1.509149 -0.865934 -0.265623 1.000000 -1.000000 
0.703420 -1.395078 -1.899869 1.422542 2.000000 -1.000000 
0.237451 -0.910827 -2.694065 3.392260 2.000000 -1.000000 
-0.338131 -0.086196 -2.927362 4.587618 2.000000 -1.000000 
-0.865505 0.778824 -2.216858 3.806136 2.000000 -1.000000 
-1.196838 1.397236 -1.068661 2.378758 2.000000 -1.000000 
-1.288367 1.738874 0.156010 1.046107 0.000000 -1.000000 
-1.121511 1.764707 1.489904 -0.814362 0.000000 -1.000000 
-0.706096 1.395443 2.620668 -2.926844 0.000000 -1.000000 
-0.094434 0.584381 3.416266 -5.093563 0.000000 -1.000000 
0.595030 -0.504776 3.263996 -5.314136 0.000000 -1.000000 
1.144898 -1.403593 2.171937 -3.607969 0.000000 -1.000000 
1.456255 -1.968678 0.933828 -2.101308 0.000000 -1.000000 
1.517126 -2.257750 -0.324071 -0.796276 1.000000 -1.000000 
1.322654 -2.260484 -1.604248 0.799042 2.000000 -1.000000 
0.880809 -1.898567 -2.767521 2.881996 2.000000 -1.000000 
0.237631 -1.080091 -3.615397 5.339234 2.000000 -1.000000 
-0.528081 0.175824 -3.820937 6.697984 2.000000 -1.000000 
-1.185603 1.355280 -2.636133 4.880045 2.000000 -1.000000 
-1.576316 2.153162 -1.275631 3.195617 2.000000 -1.000000 
-1.699005 2.656945 0.037167 1.862155 2.000000 -1.000000 
-1.566273 2.896633 1.280516 0.522576 0.000000 -1.000000 
-1.179442 2.821915 2.561765 -1.281176 0.000000 -1.000000 
-0.565399 2.377768 3.476680 -3.185985 0.000000 -1.000000 
0.161339 1.537588 3.700136 -5.223733 0.000000 -1.000000 
0.893349 0.313182 3.526040 -6.754209 0.000000 -1.000000 
1.489894 -0.960653 2.270558 -5.631118 0.000000 -1.000000 
1.775578 -1.918853 0.577602 -4.011449 0.000000 -1.000000 
1.724956 -2.577767 -1.053239 -2.571491 0.000000 -1.000000 
1.371529 -2.941160 -2.435864 -1.063376 0.000000 -1.000000 
0.770241 -3.015946 -3.506481 0.246741 0.000000 -1.000000 
0.012824 -2.882018 -3.922816 0.967433 2.000000 -1.000000 
-0.744413 -2.643976 -3.502470 1.274098 2.000000 -1.000000 
-1.345555 -2.424649 -2.453694 0.802602 2.000000 -1.000000 
-1.719683 -2.359525 -1.294895 -0.215495 2.000000 -1.000000 
-1.869749 -2.525900 -0.219198 -1.465544 0.000000 -1.000000 
-1.796726 -2.987059 0.959657 -3.143449 0.000000 -1.000000 
-1.473865 2.493561 2.307259 -4.950441 0.000000 -1.000000 
-0.856353 1.249939 3.928384 -7.754791 0.000000 -1.000000 
0.072781 -0.590743 4.910916 -9.616195 0.000000 -1.000000 
0.943172 -2.213390 3.755191 -6.629102 0.000000 -1.000000 
1.580041 2.928497 2.604856 -4.975412 0.000000 0.000000 
-0.077911 0.086875 -0.010942 0.073914 1.000000 -1.000000 
-0.068876 0.084998 0.099263 -0.090743 0.000000 -1.000000 
-0.026791 0.018771 0.310773 -0.553240 0.000000 -1.000000 
0.048917 -0.124629 0.426067 -0.843362 0.000000 -1.000000 
0.134307 -0.301029 0.404907 -0.876943 0.000000 -1.000000 
0.202091 -0.458508 0.255504 -0.663556 1.000000 -1.000000 
0.218687 -0.522931 -0.092949 0.028728 2.000000 -1.000000 
0.153794 -0.415281 -0.542073 1.026284 2.000000 -1.000000 
0.011596 -0.129265 -0.844141 1.767232 2.000000 -1.000000 
-0.164950 0.254914 -0.869867 1.972706 2.000000 -1.000000 
-0.315873 0.619339 -0.599571 1.593152 2.000000 -1.000000 
-0.393251 0.869524 -0.159190 0.875933 0.000000 -1.000000 
-0.355545 0.903363 0.525744 -0.533756 0.000000 -1.000000 
-0.190313 0.661389 1.098688 -1.854424 0.000000 -1.000000 
0.067181 0.186831 1.415553 -2.781505 0.000000 -1.000000 
0.343316 -0.387736 1.262355 -2.799101 0.000000 -1.000000 
0.543025 -0.877064 0.689142 -2.011117 0.000000 -1.000000 
0.609060 -1.174788 -0.035153 -0.948039 1.000000 -1.000000 
0.521900 -1.226452 -0.815170 0.427110 2.000000 -1.000000 
0.284932 -0.979561 -1.517124 2.023257 2.000000 -1.000000 
-0.065996 -0.435283 -1.926711 3.318114 2.000000 -1.000000 
-0.447197 0.274330 -1.772914 3.552401 2.000000 -1.000000 
-0.733237 0.904350 -1.022195 2.634122 2.000000 -1.000000 
-0.842365 1.308675 -0.058471 1.393410 2.000000 -1.000000 
-0.758596 1.458755 0.876689 0.102098 0.000000 -1.000000 
-0.487130 1.296392 1.790978 -1.725002 0.000000 -1.000000 
-0.064059 0.774686 2.376692 -3.434687 0.000000 -1.000000 
0.427727 -0.018607 2.415475 -4.243612 0.000000 -1.000000 
0.844494 -0.803763 1.649385 -3.414945 0.000000 -1.000000 
1.064896 -1.353732 0.531904 -2.072183 1.000000 -1.000000 
1.046332 -1.607740 -0.705021 -0.466267 2.000000 -1.000000 
0.784711 -1.509446 -1.870969 1.472433 2.000000 -1.000000 
0.318422 -1.009829 -2.733328 3.517752 2.000000 -1.000000 
-0.276213 -0.139417 -3.080411 4.924988 2.000000 -1.000000 
-0.839743 0.799121 -2.407316 4.158879 2.000000 -1.000000 
-1.207806 1.478472 -1.244720 2.641337 2.000000 -1.000000 
-1.333081 1.868297 -0.004802 1.274077 0.000000 -1.000000 
-1.197045 1.941601 1.344827 -0.561319 0.000000 -1.000000 
-0.807877 1.627834 2.504053 -2.627532 0.000000 -1.000000 
-0.215506 0.871560 3.362151 -4.924738 0.000000 -1.000000 
0.490421 -0.257249 3.486602 -5.883711 0.000000 -1.000000 
1.091731 -1.286910 2.425249 -4.241216 0.000000 -1.000000 
1.450117 -1.967305 1.152201 -2.632239 0.000000 -1.000000 
1.551895 -2.358321 -0.132208 -1.293501 1.000000 -1.000000 
1.393637 -2.461301 -1.435947 0.284858 2.000000 -1.000000 
0.981713 -2.210652 -2.636280 2.267310 2.000000 -1.000000 
0.366053 -1.531892 -3.454685 4.577188 2.000000 -1.000000 
-0.377464 -0.377950 -3.873537 6.737610 2.000000 -1.000000 
-1.085076 0.926029 -2.979855 5.799999 2.000000 -1.000000 
-1.534252 1.891941 -1.508329 3.943448 2.000000 -1.000000 
-1.692512 2.536097 -0.090532 2.535128 2.000000 -1.000000 
-1.578731 2.907705 1.208562 1.173060 2.000000 -1.000000 
-1.215706 3.003502 2.400162 -0.207380 0.000000 -1.000000 
-0.624646 2.793958 3.423845 -1.860380 0.000000 -1.000000 
0.098731 2.271488 3.650585 -3.324576 0.000000 -1.000000 
0.780035 1.490588 3.087208 -4.393443 0.000000 -1.000000 
1.321643 0.559100 2.305095 -4.788794 0.000000 -1.000000 
1.682293 -0.362059 1.236565 -4.286101 0.000000 -1.000000 
1.790201 -1.118976 -0.215509 -3.217970 0.000000 -1.000000 
1.575905 -1.616995 -1.955848 -1.648359 0.000000 -1.000000 
1.013901 -1.726537 -3.590836 0.669389 2.000000 -1.000000 
0.177987 -1.273220 -4.604125 3.850039 2.000000 -1.000000 
-0.762935 -0.253031 -4.627132 5.925841 2.000000 -1.000000 
-1.588784 0.855093 -3.508358 4.804567 2.000000 -1.000000 
-2.165224 1.666632 -2.303641 3.453761 0.000000 -1.000000 
-2.514100 2.245620 -1.235629 2.444586 0.000000 -1.000000 
-2.675223 2.666562 -0.409761 1.784894 0.000000 -1.000000 
-2.687661 2.957037 0.270832 1.098711 0.000000 -1.000000 
-2.566789 3.092834 0.953077 0.219970 0.000000 -1.000000 
-2.294225 3.026777 1.815804 -0.933173 0.000000 -1.000000 
-1.821271 2.693781 2.952557 -2.487117 0.000000 -1.000000 
-1.108845 1.980132 4.152161 -4.836588 0.000000 -1.000000 
-0.166800 0.672390 5.244372 -8.275425 0.000000 -1.000000 
0.872686 -1.015632 4.779291 -7.612344 0.000000 -1.000000 
1.692932 -2.249147 3.465084 -4.952717 0.000000 -1.000000 
2.274633 -3.088921 2.401848 -3.599278 1.000000 -1.000000 
2.675229 2.578933 1.682679 -2.603167 0.000000 -1.000000 
2.981594 2.119630 1.445125 -2.025712 0.000000 -1.000000 
-3.007454 1.752027 1.554131 -1.707278 0.000000 -1.000000 
-2.655791 1.406700 2.032079 -1.849812 0.000000 -1.000000 
-2.163659 0.958165 2.976430 -2.806671 0.000000 -1.000000 
-1.431849 0.215859 4.381561 -4.659589 0.000000 -1.000000 
-0.441127 -0.788986 5.336760 -4.808877 0.000000 -1.000000 
0.611130 -1.482725 4.944419 -1.840081 0.000000 -1.000000 
1.441064 -1.503336 3.184054 1.529366 1.000000 -1.000000 
1.843301 -0.915337 0.863533 4.163585 2.000000 -1.000000 
1.818893 0.121835 -0.932696 5.994983 2.000000 -1.000000 
1.552861 1.378597 -1.593207 6.429542 2.000000 -1.000000 
1.192341 2.704360 -2.085489 6.976320 2.000000 -1.000000 
0.656997 -2.020963 -3.457301 8.995926 2.000000 -1.000000 
-0.256540 0.221002 -5.141068 12.473879 2.000000 -1.000000 
-1.068582 2.353574 -2.771944 8.662560 2.000000 -1.000000 
-1.479357 -2.365174 -1.664145 7.356289 2.000000 0.000000 
0.019305 0.096678 0.097058 -0.015751 0.000000 -1.000000 
0.024087 0.120319 -0.049241 0.248439 0.000000 -1.000000 
0.001048 0.191965 -0.174012 0.451695 0.000000 -1.000000 
-0.041491 0.292464 -0.239600 0.529450 0.000000 -1.000000 
-0.089582 0.393543 -0.228891 0.457727 1.000000 -1.000000 
-0.115634 0.433832 -0.025975 -0.063702 2.000000 -1.000000 
-0.086677 0.334980 0.308437 -0.907417 2.000000 -1.000000 
0.001504 0.084867 0.548429 -1.539086 2.000000 -1.000000 
0.119096 -0.251134 0.589817 -1.738913 2.000000 -1.000000 
0.222152 -0.577439 0.410508 -1.456620 2.000000 -1.000000 
0.274435 -0.813096 0.101079 -0.868073 2.000000 -1.000000 
0.261360 -0.917481 -0.227061 -0.170530 0.000000 -1.000000 
0.165468 -0.822922 -0.713726 1.099895 0.000000 -1.000000 
-0.014455 -0.489555 -1.052091 2.179375 0.000000 -1.000000 
-0.236004 0.012322 -1.100668 2.712644 0.000000 -1.000000 
-0.425716 0.535933 -0.735288 2.396776 0.000000 -1.000000 
-0.512425 0.934058 -0.111615 1.533635 0.000000 -1.000000 
-0.469404 1.139252 0.528431 0.511152 2.000000 -1.000000 
-0.291266 1.084465 1.213922 -1.040552 2.000000 -1.000000 
-0.001828 0.735296 1.630381 -2.396629 2.000000 -1.000000 
0.335986 0.164306 1.669683 -3.166568 2.000000 -1.000000 
0.628454 -0.456408 1.171055 -2.874566 2.000000 -1.000000 
0.779112 -0.938217 0.302776 -1.882099 2.000000 -1.000000 
0.745118 -1.196638 -0.634554 -0.685560 2.000000 -1.000000 
0.535148 -1.208793 -1.424767 0.561134 0.000000 -1.000000 
0.176822 -0.923014 -2.093651 2.257506 0.000000 -1.000000 
-0.271911 -0.339523 -2.301954 3.424827 0.000000 -1.000000 
-0.698168 0.357197 -1.849991 3.321738 0.000000 -1.000000 
-0.976965 0.925187 -0.889232 2.285578 0.000000 -1.000000 
-1.044241 1.260887 0.223233 1.057887 2.000000 -1.000000 
-0.871762 1.288281 1.474088 -0.802387 2.000000 -1.000000 
-0.470792 0.931060 2.481804 -2.769150 2.000000 -1.000000 
0.090158 0.208124 3.009281 -4.255634 2.000000 -1.000000 
0.666273 -0.633621 2.599579 -3.852342 2.000000 -1.000000 
1.089666 -1.265170 1.587155 -2.432259 2.000000 -1.000000 
1.292087 -1.615615 0.426106 -1.097646 2.000000 -1.000000 
1.258625 -1.708306 -0.756950 0.180289 0.000000 -1.000000 
0.977876 -1.483548 -2.027052 2.115714 0.000000 -1.000000 
0.460788 -0.840267 -3.097293 4.328153 0.000000 -1.000000 
-0.221053 0.186445 -3.530906 5.525457 0.000000 -1.000000 
-0.863126 1.172135 -2.760922 4.089871 0.000000 -1.000000 
-1.305083 1.815174 -1.636525 2.399007 0.000000 -1.000000 
-1.512389 2.155274 -0.429430 1.038559 2.000000 -1.000000 
-1.462449 2.193099 0.923743 -0.669652 2.000000 -1.000000 
-1.147018 1.873352 2.212598 -2.589771 2.000000 -1.000000 
-0.587038 1.122453 3.362419 -5.001693 2.000000 -1.000000 
0.171482 -0.102165 4.017389 -6.781189 2.000000 -1.000000 
0.904360 -1.317910 3.151890 -5.047485 2.000000 -1.000000 
1.417181 -2.129080 1.965943 -3.167834 2.000000 -1.000000 
1.688054 -2.618453 0.742064 -1.773134 2.000000 -1.000000 
1.715631 -2.845538 -0.462286 -0.496973 1.000000 -1.000000 
1.497904 -2.793039 -1.711192 1.041149 0.000000 -1.000000 
1.031897 -2.396859 -2.905915 2.973416 0.000000 -1.000000 
0.362436 -1.572658 -3.730601 5.362414 0.000000 -1.000000 
-0.443586 -0.238677 -4.195371 7.664588 0.000000 -1.000000 
-1.190332 1.189391 -3.045315 6.118439 0.000000 -1.000000 
-1.644309 2.208274 -1.514067 4.208506 0.000000 -1.000000 
-1.807258 2.909364 -0.153179 2.840153 0.000000 -1.000000 
-1.720049 -2.935479 1.002270 1.546697 2.000000 -1.000000 
-1.396121 -2.789360 2.242179 -0.053695 2.000000 -1.000000 
-0.826018 -2.934931 3.417222 -1.325444 2.000000 -1.000000 
-0.067693 2.996138 4.017218 -2.117791 2.000000 -1.000000 
0.707623 2.530922 3.572184 -2.450722 2.000000 -1.000000 
1.315056 2.056795 2.446746 -2.179734 2.000000 0.000000 
-0.043417 0.037324 -0.076035 0.074476 0.000000 -1.000000 
-0.065200 0.077650 -0.135984 0.318177 1.000000 -1.000000 
-0.081528 0.124217 -0.022753 0.137368 2.000000 -1.000000 
-0.060349 0.096185 0.229116 -0.409190 2.000000 -1.000000 
0.005421 -0.031101 0.411022 -0.831021 2.000000 -1.000000 
0.095037 -0.219070 0.460522 -1.001143 2.000000 -1.000000 
0.179353 -0.411559 0.360153 -0.879434 2.000000 -1.000000 
0.231411 -0.555486 0.147513 -0.532492 2.000000 -1.000000 
0.235293 -0.617143 -0.109810 -0.076286 0.000000 -1.000000 
0.164634 -0.521906 -0.582418 1.009958 0.000000 -1.000000 
0.011983 -0.228462 -0.908331 1.860383 0.000000 -1.000000 
-0.179167 0.184846 -0.947517 2.162429 0.000000 -1.000000 
-0.344041 0.590726 -0.655646 1.805515 0.000000 -1.000000 
-0.428201 0.880679 -0.169056 1.056096 2.000000 -1.000000 
-0.387928 0.946236 0.559121 -0.397200 2.000000 -1.000000 
-0.212929 0.726613 1.161116 -1.770820 2.000000 -1.000000 
0.059577 0.260769 1.503819 -2.784340 2.000000 -1.000000 
0.355772 -0.324371 1.370505 -2.894604 2.000000 -1.000000 
0.575981 -0.836153 0.779920 -2.129787 2.000000 -1.000000 
0.656005 -1.156472 0.010975 -1.052327 2.000000 -1.000000 
0.582222 -1.253578 -0.731358 0.081955 0.000000 -1.000000 
0.355072 -1.070769 -1.501558 1.733174 0.000000 -1.000000 
0.000391 -0.573303 -1.984926 3.163029 0.000000 -1.000000 
-0.403753 0.131717 -1.944865 3.664776 0.000000 -1.000000 
-0.731038 0.800387 -1.247403 2.875369 0.000000 -1.000000 
-0.884167 1.254509 -0.265342 1.643653 1.000000 -1.000000 
-0.827429 1.428297 0.815158 0.091207 2.000000 -1.000000 
-0.561147 1.261865 1.805261 -1.761849 2.000000 -1.000000 
-0.126066 0.726689 2.481297 -3.533148 2.000000 -1.000000 
0.392511 -0.086965 2.566913 -4.323851 2.000000 -1.000000 
0.839840 -0.877369 1.803462 -3.391999 2.000000 -1.000000 
1.092333 -1.418330 0.699102 -2.016336 2.000000 -1.000000 
1.116317 -1.687317 -0.456007 -0.672092 1.000000 -1.000000 
0.908003 -1.657763 -1.596037 0.988896 0.000000 -1.000000 
0.487091 -1.256427 -2.560757 3.044754 0.000000 -1.000000 
-0.091264 -0.448705 -3.128272 4.884391 0.000000 -1.000000 
-0.697989 0.556153 -2.755868 4.766009 0.000000 -1.000000 
-1.141996 1.359256 -1.633649 3.220960 0.000000 -1.000000 
-1.344370 1.857223 -0.383711 1.789855 2.000000 -1.000000 
-1.281436 2.034860 0.997177 -0.019949 2.000000 -1.000000 
-0.955662 1.837510 2.222843 -1.998644 2.000000 -1.000000 
-0.411926 1.213908 3.163906 -4.277207 2.000000 -1.000000 
0.282579 0.147565 3.633901 -6.075565 2.000000 -1.000000 
0.945409 -0.994030 2.815542 -4.958269 2.000000 -1.000000 
1.381610 -1.804504 1.533438 -3.208733 2.000000 -1.000000 
1.557734 -2.303617 0.229107 -1.816150 2.000000 -1.000000 
1.475423 -2.532986 -1.042637 -0.464168 0.000000 -1.000000 
1.135380 -2.439511 -2.322473 1.429993 0.000000 -1.000000 
0.570463 -1.944945 -3.247081 3.563908 0.000000 -1.000000 
-0.132321 -0.997151 -3.725239 5.900271 0.000000 -1.000000 
-0.875171 0.315052 -3.475167 6.666366 0.000000 -1.000000 
-1.432595 1.471563 -2.023475 4.802691 0.000000 -1.000000 
-1.683704 2.270028 -0.500012 3.252730 0.000000 -1.000000 
-1.640952 2.782881 0.900202 1.874067 0.000000 -1.000000 
-1.333924 3.016904 2.146427 0.470461 2.000000 -1.000000 
-0.783918 2.940889 3.290757 -1.192645 2.000000 -1.000000 
-0.062367 2.557770 3.769590 -2.588243 2.000000 -1.000000 
0.655657 1.932573 3.281683 -3.570981 2.000000 -1.000000 
1.222075 1.174832 2.359672 -3.893967 2.000000 -1.000000 
1.597006 0.414034 1.381251 -3.640001 2.000000 -1.000000 
1.767781 -0.260641 0.299421 -3.067367 2.000000 -1.000000 
1.700632 -0.792759 -1.022102 -2.171725 2.000000 -1.000000 
1.339319 -1.081364 -2.614369 -0.569684 0.000000 -1.000000 
0.646711 -0.908723 -4.211946 2.355526 0.000000 -1.000000 
-0.281755 -0.179439 -4.851546 4.549096 0.000000 -1.000000 
-1.189940 0.674400 -4.043044 3.575711 0.000000 -1.000000 
-1.870665 1.208312 -2.771196 1.864265 2.000000 -1.000000 
-2.294115 1.430289 -1.514060 0.514595 2.000000 -1.000000 
-2.494878 1.461482 -0.531468 -0.120875 2.000000 -1.000000 
-2.515930 1.399744 0.312581 -0.483479 2.000000 -1.000000 
-2.366370 1.260206 1.207572 -0.965198 2.000000 -1.000000 
-2.017203 0.978254 2.335096 -1.979970 2.000000 -1.000000 
-1.411031 0.411041 3.758134 -3.782486 2.000000 -1.000000 
-0.531888 -0.485378 4.873837 -4.742593 2.000000 -1.000000 
0.447612 -1.256372 4.700228 -2.595112 2.000000 -1.000000 
1.267100 -1.470185 3.335574 0.411668 1.000000 -1.000000 
1.733177 -1.119932 1.306871 2.928209 0.000000 -1.000000 
1.795251 -0.325529 -0.606035 4.903516 0.000000 -1.000000 
1.540584 0.779199 -1.804915 5.948000 0.000000 -1.000000 
1.108504 1.995673 -2.508227 6.196944 0.000000 -1.000000 
0.526619 -2.997371 -3.304542 6.858395 0.000000 -1.000000 
-0.202398 -1.443749 -4.035835 9.028326 0.000000 -1.000000 
-1.067277 0.607876 -4.063848 10.381076 0.000000 -1.000000 
-1.621290 2.352442 -1.473288 7.255656 0.000000 -1.000000 
-1.748664 -2.645783 -0.122928 5.812682 0.000000 0.000000 
0.026434 0.019880 -0.016213 0.061748 0.000000 -1.000000 
0.007302 0.066354 -0.169520 0.391535 0.000000 -1.000000 
-0.037566 0.168826 -0.266577 0.608008 0.000000 -1.000000 
-0.093323 0.297572 -0.275683 0.648805 0.000000 -1.000000 
-0.141741 0.416131 -0.195714 0.510824 0.000000 -1.000000 
-0.167403 0.493176 -0.054366 0.244964 2.000000 -1.000000 
-0.137066 0.445039 0.350973 -0.716017 2.000000 -1.000000 
-0.033131 0.217699 0.663093 -1.509004 2.000000 -1.000000 
0.113759 -0.129909 0.762620 -1.879070 2.000000 -1.000000 
0.252999 -0.495085 0.588975 -1.688011 2.000000 -1.000000 
0.336299 -0.777780 0.224709 -1.094868 2.000000 -1.000000 
0.339285 -0.922324 -0.193417 -0.339490 2.000000 -1.000000 
0.262688 -0.913484 -0.556010 0.417342 0.000000 -1.000000 
0.102951 -0.702429 -1.013116 1.661533 0.000000 -1.000000 
-0.127420 -0.271409 -1.239426 2.556382 0.000000 -1.000000 
-0.365549 0.266593 -1.069046 2.676370 0.000000 -1.000000 
-0.527984 0.744846 -0.510680 2.015542 0.000000 -1.000000 
-0.560086 1.051158 0.193632 1.022068 0.000000 -1.000000 
-0.454951 1.149676 0.833402 -0.034069 2.000000 -1.000000 
-0.220395 0.986330 1.467125 -1.573267 2.000000 -1.000000 
0.111130 0.539397 1.787174 -2.810331 2.000000 -1.000000 
0.462734 -0.080896 1.636384 -3.210315 2.000000 -1.000000 
0.727862 -0.670173 0.946497 -2.553950 2.000000 -1.000000 
0.824478 -1.073195 0.003196 -1.442027 2.000000 -1.000000 
0.729707 -1.239282 -0.932624 -0.207264 0.000000 -1.000000 
0.445704 -1.099037 -1.856038 1.602493 0.000000 -1.000000 
0.012407 -0.610899 -2.400905 3.192641 0.000000 -1.000000 
-0.473484 0.107742 -2.332991 3.745650 0.000000 -1.000000 
-0.870337 0.786950 -1.550411 2.896789 0.000000 -1.000000 
-1.074516 1.242855 -0.470026 1.650341 2.000000 -1.000000 
-1.037052 1.393271 0.832259 -0.149835 2.000000 -1.000000 
-0.750412 1.174218 2.001688 -2.068057 2.000000 -1.000000 
-0.254798 0.562283 2.882797 -3.981924 2.000000 -1.000000 
0.351716 -0.325894 3.008743 -4.535276 2.000000 -1.000000 
0.882841 -1.116628 2.208898 -3.225284 2.000000 -1.000000 
1.217207 -1.610304 1.112178 -1.743206 2.000000 -1.000000 
1.322680 -1.826672 -0.062361 -0.435551 0.000000 -1.000000 
1.177553 -1.736140 -1.377075 1.368555 0.000000 -1.000000 
0.779475 -1.258812 -2.578762 3.466009 0.000000 -1.000000 
0.161797 -0.339950 -3.501199 5.568288 0.000000 -1.000000 
-0.537840 0.784977 -3.276074 5.192817 0.000000 -1.000000 
-1.096035 1.638516 -2.259609 3.338265 0.000000 -1.000000 
-1.432806 2.146667 -1.093564 1.803456 2.000000 -1.000000 
-1.516783 2.332828 0.252896 0.074898 2.000000 -1.000000 
-1.333377 2.173297 1.571334 -1.702232 2.000000 -1.000000 
-0.895478 1.628435 2.784752 -3.833005 2.000000 -1.000000 
-0.228822 0.603747 3.826489 -6.374026 2.000000 -1.000000 
0.552955 -0.737465 3.708222 -6.377002 2.000000 -1.000000 
1.182826 -1.797008 2.552960 -4.234645 2.000000 -1.000000 
1.571104 -2.475000 1.325059 -2.630154 2.000000 -1.000000 
1.713378 -2.867354 0.103723 -1.309256 1.000000 -1.000000 
1.608835 -2.978775 -1.146899 0.203008 0.000000 -1.000000 
1.250236 -2.761566 -2.420113 1.990903 0.000000 -1.000000 
0.660684 -2.166348 -3.396487 4.027245 0.000000 -1.000000 
-0.077094 -1.118336 -3.941517 6.501923 0.000000 -1.000000 
-0.877232 0.348216 -3.791807 7.506359 0.000000 -1.000000 
-1.484176 1.642352 -2.203058 5.356562 0.000000 -1.000000 
-1.765086 2.544216 -0.640222 3.758494 0.000000 -1.000000 
-1.759087 -3.121574 0.650163 2.428498 0.000000 -1.000000 
-1.518373 -2.762811 1.741821 1.188322 0.000000 -1.000000 
-1.066253 -2.622954 2.756203 0.308475 2.000000 -1.000000 
-0.424429 -2.624365 3.569144 -0.144698 2.000000 -1.000000 
0.305182 -2.602365 3.556984 0.567044 2.000000 -1.000000 
0.925012 -2.325498 2.461999 2.342894 0.000000 -1.000000 
1.207854 -1.585442 0.230168 5.135430 0.000000 -1.000000 
0.997971 -0.244247 -2.171503 8.105359 0.000000 -1.000000 
0.512222 1.378196 -2.350592 7.559809 0.000000 -1.000000 
0.082353 2.772836 -2.014500 6.610376 0.000000 -1.000000 
-0.325897 -2.165349 -2.164419 7.101916 0.000000 -1.000000 
-0.825688 -0.556344 -2.809429 9.057804 0.000000 -1.000000 
-1.275225 1.176443 -1.200679 7.505345 0.000000 -1.000000 
-1.231039 2.388131 1.559016 4.740360 0.000000 -1.000000 
-0.737271 -3.141504 3.115267 3.052216 0.000000 -1.000000 
-0.087675 -2.538275 3.097965 3.393760 1.000000 -1.000000 
0.377944 -1.641048 1.249620 5.933370 2.000000 -1.000000 
0.362989 -0.112876 -1.054631 8.880120 2.000000 -1.000000 
0.245894 1.474847 0.254840 6.453637 2.000000 -1.000000 
0.436285 2.555270 1.417109 4.712939 2.000000 -1.000000 
0.705530 -2.778819 0.977652 5.123106 0.000000 -1.000000 
0.697024 -1.514029 -1.285618 7.855144 0.000000 -1.000000 
0.192644 0.423330 -3.107673 10.533814 0.000000 -1.000000 
-0.256798 2.249852 -1.258947 7.713885 1.000000 -1.000000 
-0.403336 -2.615876 -0.562522 6.875906 0.000000 -1.000000 
-0.611467 -1.100744 -1.669991 8.646414 2.000000 -1.000000 
-0.950461 0.691134 -1.078494 8.318407 0.000000 -1.000000 
-0.867764 2.016881 1.932810 4.921314 2.000000 -1.000000 
-0.256987 2.698199 3.847628 2.191898 2.000000 -1.000000 
0.554881 3.030259 4.029952 1.490847 2.000000 -1.000000 
1.278001 -2.867583 3.028029 2.605709 1.000000 -1.000000 
1.692771 -2.131466 0.946835 4.838702 0.000000 -1.000000 
1.603317 -0.881643 -1.846028 7.758143 0.000000 -1.000000 
1.051461 0.869483 -3.222184 9.022786 0.000000 -1.000000 
0.422980 2.543479 -3.105377 7.894653 0.000000 -1.000000 
-0.224375 -2.122454 -3.457947 8.681292 0.000000 -1.000000 
-1.010633 -0.098194 -4.178230 11.219317 0.000000 -1.000000 
-1.616274 1.879830 -1.472074 8.032000 0.000000 -1.000000 
-1.658058 -3.023680 0.679771 6.063053 0.000000 -1.000000 
-1.497182 -1.872643 0.694020 5.717962 0.000000 -1.000000 
-1.419721 -0.631820 0.132877 6.800932 0.000000 -1.000000 
-1.314632 0.707837 1.398161 5.904461 0.000000 -1.000000 
-0.729657 1.505154 4.404989 1.829169 2.000000 -1.000000 
0.334288 1.390745 5.829145 -2.760444 2.000000 -1.000000 
1.471346 0.545062 5.360453 -5.208972 2.000000 0.000000 
-0.086960 0.022460 -0.010204 0.083408 2.000000 -1.000000 
-0.064589 -0.006089 0.228179 -0.359970 2.000000 -1.000000 
-0.000332 -0.113646 0.397664 -0.686302 2.000000 -1.000000 
0.086085 -0.265711 0.444037 -0.794265 2.000000 -1.000000 
0.167990 -0.414797 0.354586 -0.660423 2.000000 -1.000000 
0.220826 -0.517423 0.161407 -0.344038 1.000000 -1.000000 
0.216960 -0.514183 -0.198866 0.374874 0.000000 -1.000000 
0.131937 -0.340002 -0.632513 1.333397 0.000000 -1.000000 
-0.023709 -0.003966 -0.881464 1.944030 0.000000 -1.000000 
-0.199670 0.395900 -0.826486 1.951448 0.000000 -1.000000 
-0.335661 0.739895 -0.500761 1.424504 0.000000 -1.000000 
-0.391491 0.948861 -0.048743 0.643227 2.000000 -1.000000 
-0.333524 0.934792 0.615620 -0.777180 2.000000 -1.000000 
-0.153220 0.644483 1.157821 -2.089322 2.000000 -1.000000 
0.111495 0.128340 1.423412 -2.948108 2.000000 -1.000000 
0.381561 -0.466107 1.193763 -2.830074 2.000000 -1.000000 
0.561845 -0.951775 0.570156 -1.955127 2.000000 -1.000000 
0.602353 -1.234300 -0.165674 -0.857106 2.000000 -1.000000 
0.500445 -1.293345 -0.829856 0.261793 0.000000 -1.000000 
0.264029 -1.079648 -1.494208 1.856486 0.000000 -1.000000 
-0.078645 -0.566227 -1.874422 3.195224 0.000000 -1.000000 
-0.452148 0.136218 -1.755234 3.616685 0.000000 -1.000000 
-0.737271 0.793961 -1.021686 2.822852 0.000000 -1.000000 
-0.844175 1.238378 -0.033654 1.595800 0.000000 -1.000000 
-0.752561 1.427344 0.928584 0.286206 2.000000 -1.000000 
-0.469670 1.299425 1.846995 -1.561248 2.000000 -1.000000 
-0.038347 0.810717 2.398568 -3.265890 2.000000 -1.000000 
0.454354 0.049124 2.409842 -4.112338 2.000000 -1.000000 
0.870554 -0.720169 1.649183 -3.383700 2.000000 -1.000000 
1.090122 -1.269262 0.521204 -2.087186 2.000000 -1.000000 
1.075898 -1.553171 -0.657572 -0.740821 1.000000 -1.000000 
0.826983 -1.532732 -1.791814 0.967385 0.000000 -1.000000 
0.372298 -1.132742 -2.690470 3.032998 0.000000 -1.000000 
-0.217997 -0.343650 -3.101155 4.663673 0.000000 -1.000000 
-0.801428 0.589191 -2.572513 4.321951 0.000000 -1.000000 
-1.205380 1.310718 -1.425718 2.866510 0.000000 -1.000000 
-1.365495 1.746407 -0.169708 1.511170 2.000000 -1.000000 
-1.258731 1.868999 1.220378 -0.303631 2.000000 -1.000000 
-0.888324 1.608320 2.444616 -2.358407 2.000000 -1.000000 
-0.300432 0.904110 3.376876 -4.685697 2.000000 -1.000000 
0.418646 -0.193076 3.610849 -5.826627 2.000000 -1.000000 
1.053765 -1.221837 2.625203 -4.250513 2.000000 -1.000000 
1.455561 -1.900807 1.383910 -2.612653 2.000000 -1.000000 
1.605861 -2.289515 0.118778 -1.299869 1.000000 -1.000000 
1.497846 -2.399715 -1.190419 0.217469 0.000000 -1.000000 
1.129799 -2.167132 -2.457933 2.163128 0.000000 -1.000000 
0.534488 -1.505679 -3.443590 4.531313 0.000000 -1.000000 
-0.227659 -0.342919 -4.063477 6.865887 0.000000 -1.000000 
-0.983876 0.982412 -3.263067 5.847489 0.000000 -1.000000 
-1.498890 1.946963 -1.885980 3.897992 0.000000 -1.000000 
-1.741914 2.581215 -0.556803 2.497574 0.000000 -1.000000 
-1.727821 2.952096 0.684283 1.206421 2.000000 -1.000000 
-1.459276 3.020383 1.996175 -0.532659 2.000000 -1.000000 
-0.936487 2.735583 3.178081 -2.331265 2.000000 -1.000000 
-0.229292 2.076656 3.767038 -4.293327 2.000000 -1.000000 
0.529420 1.011170 3.773336 -6.318432 2.000000 -1.000000 
1.243313 -0.343695 3.165838 -6.722588 2.000000 -1.000000 
1.719018 -1.517795 1.528589 -4.971020 2.000000 -1.000000 
1.853071 -2.362145 -0.170757 -3.513773 2.000000 -1.000000 
1.666433 -2.923692 -1.644008 -2.093892 2.000000 -1.000000 
1.213534 3.079433 -2.845186 -0.752539 0.000000 -1.000000 
0.537326 3.063325 -3.832569 0.467059 0.000000 -1.000000 
-0.267309 -3.073514 -4.056864 0.844342 0.000000 -1.000000 
-1.022736 -2.938726 -3.380544 0.376265 0.000000 -1.000000 
-1.592639 -2.962582 -2.293689 -0.681897 2.000000 -1.000000 
-1.927384 3.019516 -1.045009 -2.334524 2.000000 -1.000000 
-1.996142 2.390004 0.417560 -3.960376 2.000000 -1.000000 
-1.735055 1.418111 2.244317 -5.886676 2.000000 -1.000000 
-1.087145 -0.027108 4.101708 -8.337014 2.000000 -1.000000 
-0.217319 -1.620824 4.412561 -7.079883 2.000000 -1.000000 
0.663916 -2.849799 4.289115 -5.349744 2.000000 -1.000000 
1.428375 2.462886 3.244419 -4.450864 2.000000 0.000000 
-0.031666 0.088886 0.008616 0.091970 0.000000 -1.000000 
-0.037652 0.128857 -0.065845 0.299609 0.000000 -1.000000 
-0.056135 0.203681 -0.112753 0.432647 0.000000 -1.000000 
-0.079774 0.294453 -0.116075 0.456059 0.000000 -1.000000 
-0.099563 0.378502 -0.075612 0.367989 0.000000 -1.000000 
-0.108014 0.436010 -0.005990 0.197269 2.000000 -1.000000 
-0.076084 0.388723 0.317959 -0.658948 2.000000 -1.000000 
0.013348 0.183151 0.553810 -1.352054 2.000000 -1.000000 
0.133076 -0.126687 0.607553 -1.670598 2.000000 -1.000000 
0.240871 -0.451997 0.437213 -1.509566 2.000000 -1.000000 
0.297400 -0.706326 0.113109 -0.993414 0.000000 -1.000000 
0.260793 -0.777784 -0.468086 0.276913 0.000000 -1.000000 
0.117861 -0.601482 -0.933867 1.454082 0.000000 -1.000000 
-0.097686 -0.218687 -1.171740 2.285670 0.000000 -1.000000 
-0.325290 0.263804 -1.037702 2.407435 0.000000 -1.000000 
-0.487952 0.695359 -0.546193 1.823429 0.000000 -1.000000 
-0.533516 0.971758 0.098051 0.913630 2.000000 -1.000000 
-0.430068 0.998280 0.912203 -0.641224 2.000000 -1.000000 
-0.182050 0.721980 1.524979 -2.083341 2.000000 -1.000000 
0.156810 0.196122 1.786529 -3.041107 2.000000 -1.000000 
0.493342 -0.419085 1.484371 -2.927947 2.000000 -1.000000 
0.719834 -0.919054 0.735332 -1.998187 2.000000 -1.000000 
0.778213 -1.204852 -0.156514 -0.845520 1.000000 -1.000000 
0.651066 -1.226816 -1.090252 0.627637 0.000000 -1.000000 
0.346368 -0.926649 -1.910571 2.356773 0.000000 -1.000000 
-0.088484 -0.308244 -2.349550 3.682923 0.000000 -1.000000 
-0.543264 0.448231 -2.069341 3.623889 0.000000 -1.000000 
-0.875173 1.066180 -1.193750 2.478177 0.000000 -1.000000 
-1.009632 1.432318 -0.140644 1.182883 2.000000 -1.000000 
-0.914659 1.487707 1.071330 -0.636583 2.000000 -1.000000 
-0.592572 1.169528 2.112081 -2.564093 2.000000 -1.000000 
-0.090002 0.466411 2.832700 -4.357086 2.000000 -1.000000 
0.483180 -0.459420 2.725573 -4.533954 2.000000 -1.000000 
0.943232 -1.235176 1.804932 -3.131333 2.000000 -1.000000 
1.192696 -1.714347 0.675225 -1.687591 2.000000 -1.000000 
1.210999 -1.917364 -0.489245 -0.343632 0.000000 -1.000000 
0.987367 -1.800469 -1.719762 1.542491 0.000000 -1.000000 
0.538019 -1.283039 -2.732005 3.673319 0.000000 -1.000000 
-0.084074 -0.334648 -3.381945 5.620514 0.000000 -1.000000 
-0.731760 0.780671 -2.892066 5.089843 0.000000 -1.000000 
-1.195734 1.622778 -1.714552 3.342781 0.000000 -1.000000 
-1.413275 2.140949 -0.456807 1.879864 0.000000 -1.000000 
-1.379093 2.380731 0.790495 0.512741 2.000000 -1.000000 
-1.091438 2.297518 2.051305 -1.372758 2.000000 -1.000000 
-0.580163 1.816264 2.995015 -3.486109 2.000000 -1.000000 
0.081087 0.887303 3.562270 -5.775578 2.000000 -1.000000 
0.793567 -0.381831 3.330049 -6.368881 2.000000 -1.000000 
1.328714 -1.479578 1.951509 -4.526996 2.000000 -1.000000 
1.571847 -2.222240 0.487171 -2.962589 2.000000 -1.000000 
1.529365 -2.674179 -0.891445 -1.555357 2.000000 -1.000000 
1.224537 -2.841069 -2.128523 -0.111835 0.000000 -1.000000 
0.684689 -2.683409 -3.188157 1.670840 0.000000 -1.000000 
-0.000490 -2.181999 -3.518241 3.309885 0.000000 -1.000000 
-0.671282 -1.382462 -3.118052 4.603152 0.000000 -1.000000 
-1.232939 -0.388351 -2.451005 5.164522 0.000000 -1.000000 
-1.616822 0.593160 -1.297165 4.473776 0.000000 -1.000000 
-1.723407 1.365100 0.281146 3.195687 0.000000 -1.000000 
-1.491079 1.845200 2.046142 1.511231 1.000000 -1.000000 
-0.914748 1.906880 3.617898 -0.975742 2.000000 -1.000000 
-0.095875 1.415757 4.410143 -3.910721 2.000000 -1.000000 
0.792237 0.397863 4.332176 -5.931895 2.000000 -1.000000 
1.564409 -0.744182 3.257460 -5.115129 2.000000 -1.000000 
2.083736 -1.623102 1.964168 -3.781865 2.000000 -1.000000 
2.361734 -2.299243 0.840336 -3.041244 2.000000 -1.000000 
2.429460 -2.845803 -0.133962 -2.409107 2.000000 -1.000000 
2.318444 3.034039 -0.962306 -1.584946 2.000000 -1.000000 
2.041810 2.818937 -1.829872 -0.536219 1.000000 -1.000000 
1.565459 2.845486 -2.968567 0.797484 0.000000 -1.000000 
0.845280 -3.133742 -4.182795 2.216094 0.000000 -1.000000 
-0.053384 -2.556002 -4.601502 3.559114 0.000000 -1.000000 
-0.913073 -1.723311 -3.876639 4.682059 0.000000 -1.000000 
-1.592198 -0.732500 -2.923573 5.089970 0.000000 -1.000000 
-2.080942 0.257851 -1.945464 4.716518 0.000000 -1.000000 
-2.361441 1.140783 -0.833125 4.121325 0.000000 -1.000000 
-2.397021 1.904903 0.530389 3.476871 0.000000 -1.000000 
-2.133437 2.499958 2.115871 2.372512 0.000000 -1.000000 
-1.557148 2.817028 3.616824 0.733575 0.000000 -1.000000 
-0.706657 2.784901 4.786626 -1.032947 2.000000 -1.000000 
0.298120 2.386622 5.030421 -2.864308 2.000000 -1.000000 
1.220898 1.689325 4.081058 -3.938242 2.000000 0.000000 
0.076382 -0.081377 0.033057 0.060804 0.000000 -1.000000 
0.058781 -0.019782 -0.203329 0.541376 0.000000 -1.000000 
-0.000239 0.125065 -0.369865 0.871929 0.000000 -1.000000 
-0.080650 0.311699 -0.411792 0.949262 0.000000 -1.000000 
-0.155850 0.486677 -0.320796 0.762183 0.000000 -1.000000 
-0.202454 0.603794 -0.134419 0.387277 0.000000 -1.000000 
-0.207057 0.636125 0.089288 -0.068006 2.000000 -1.000000 
-0.143594 0.513733 0.532944 -1.135806 2.000000 -1.000000 
-0.002786 0.197917 0.840611 -1.955320 2.000000 -1.000000 
0.173428 -0.229666 0.867103 -2.208674 2.000000 -1.000000 
0.322031 -0.640303 0.576881 -1.810507 2.000000 -1.000000 
0.392591 -0.929324 0.115537 -1.045638 2.000000 -1.000000 
0.367539 -1.051782 -0.357477 -0.175647 0.000000 -1.000000 
0.234896 -0.944141 -0.943962 1.235369 0.000000 -1.000000 
0.002430 -0.569723 -1.340169 2.451329 0.000000 -1.000000 
-0.278025 -0.004713 -1.388542 3.049452 0.000000 -1.000000 
-0.517789 0.579266 -0.936254 2.645338 0.000000 -1.000000 
-0.632174 1.014260 -0.184578 1.655544 0.000000 -1.000000 
-0.590196 1.232275 0.590983 0.516940 2.000000 -1.000000 
-0.387369 1.167147 1.394929 -1.155148 2.000000 -1.000000 
-0.052090 0.780263 1.901999 -2.660413 2.000000 -1.000000 
0.345051 0.145389 1.977474 -3.514928 2.000000 -1.000000 
0.694299 -0.536186 1.418913 -3.113062 2.000000 -1.000000 
0.885538 -1.052395 0.460087 -1.997860 2.000000 -1.000000 
0.873580 -1.326576 -0.573989 -0.730464 1.000000 -1.000000 
0.655346 -1.313200 -1.568491 0.870471 0.000000 -1.000000 
0.257757 -0.952021 -2.344300 2.714428 0.000000 -1.000000 
-0.250813 -0.261993 -2.634878 3.997868 0.000000 -1.000000 
-0.739692 0.531511 -2.124127 3.675005 0.000000 -1.000000 
-1.064406 1.145482 -1.079779 2.419015 0.000000 -1.000000 
-1.163905 1.498665 0.090425 1.114374 2.000000 -1.000000 
-1.013373 1.537456 1.391796 -0.747257 2.000000 -1.000000 
-0.620948 1.185820 2.487991 -2.799508 2.000000 -1.000000 
-0.041929 0.421951 3.206327 -4.699272 2.000000 -1.000000 
0.594475 -0.554050 2.970096 -4.654082 2.000000 -1.000000 
1.091580 -1.334152 1.942742 -3.092296 2.000000 -1.000000 
1.362126 -1.804465 0.751327 -1.652822 1.000000 -1.000000 
1.382561 -1.982452 -0.543411 -0.130444 0.000000 -1.000000 
1.141544 -1.825730 -1.846604 1.741783 0.000000 -1.000000 
0.655674 -1.260225 -2.977987 3.979576 0.000000 -1.000000 
-0.029353 -0.232819 -3.746003 6.053496 0.000000 -1.000000 
-0.745582 0.937632 -3.205757 5.183775 0.000000 -1.000000 
-1.273432 1.780982 -2.048025 3.300558 0.000000 -1.000000 
-1.560620 2.289986 -0.818194 1.845734 0.000000 -1.000000 
-1.600353 2.529893 0.418503 0.555837 2.000000 -1.000000 
-1.382986 2.466141 1.741853 -1.222372 2.000000 -1.000000 
-0.914442 2.022115 2.899154 -3.287250 2.000000 -1.000000 
-0.243833 1.116582 3.768556 -5.832068 2.000000 -1.000000 
0.556803 -0.248853 3.986613 -7.219590 2.000000 -1.000000 
1.235769 -1.504734 2.695935 -5.157589 2.000000 -1.000000 
1.634898 -2.354366 1.308344 -3.450903 2.000000 -1.000000 
1.765883 -2.909521 0.022954 -2.121124 1.000000 -1.000000 
1.645287 3.099956 -1.221033 -0.612099 0.000000 -1.000000 
1.271728 -3.135337 -2.506868 1.081999 0.000000 -1.000000 
0.657827 -2.754449 -3.542086 2.726479 0.000000 -1.000000 
-0.087831 -2.041125 -3.768368 4.410915 0.000000 -1.000000 
-0.810045 -1.000492 -3.417512 5.917530 0.000000 -1.000000 
-1.430190 0.237548 -2.647055 6.104291 0.000000 -1.000000 
-1.810041 1.323539 -1.078236 4.682760 0.000000 -1.000000 
-1.848529 2.117263 0.704529 3.246433 0.000000 -1.000000 
-1.534990 2.606301 2.386981 1.599801 0.000000 -1.000000 
-0.918062 2.749111 3.698843 -0.155323 2.000000 -1.000000 
-0.094228 2.525186 4.361944 -2.006442 2.000000 -1.000000 
0.745321 1.987730 3.867457 -3.231789 2.000000 -1.000000 
1.414161 1.296374 2.789887 -3.525540 2.000000 0.000000 
0.035188 -0.089421 -0.059320 0.026293 1.000000 -1.000000 
0.017940 -0.072293 -0.109072 0.139274 0.000000 -1.000000 
-0.019558 -0.002733 -0.255963 0.538200 0.000000 -1.000000 
-0.078844 0.132188 -0.320316 0.777852 0.000000 -1.000000 
-0.140275 0.293230 -0.276405 0.795400 0.000000 -1.000000 
-0.182885 0.436118 -0.137509 0.604782 1.000000 -1.000000 
-0.179344 0.493318 0.172278 -0.038876 2.000000 -1.000000 
-0.104181 0.389790 0.562919 -0.972831 2.000000 -1.000000 
0.035550 0.121376 0.799351 -1.646969 2.000000 -1.000000 
0.197831 -0.234807 0.776684 -1.822132 2.000000 -1.000000 
0.327874 -0.570831 0.488486 -1.466479 2.000000 -1.000000 
0.383201 -0.800273 0.052925 -0.796913 0.000000 -1.000000 
0.325742 -0.822449 -0.613534 0.569293 0.000000 -1.000000 
0.146895 -0.579895 -1.142071 1.816777 0.000000 -1.000000 
-0.112298 -0.124763 -1.386637 2.620333 0.000000 -1.000000 
-0.376132 0.407285 -1.175352 2.551519 0.000000 -1.000000 
-0.556639 0.847284 -0.589619 1.775932 0.000000 -1.000000 
-0.603341 1.101865 0.127143 0.752421 2.000000 -1.000000 
-0.488725 1.089457 0.994936 -0.871032 2.000000 -1.000000 
-0.218498 0.758426 1.664555 -2.404079 2.000000 -1.000000 
0.152865 0.160909 1.962822 -3.416223 2.000000 -1.000000 
0.521540 -0.519392 1.618710 -3.181471 2.000000 -1.000000 
0.768382 -1.054906 0.806322 -2.110394 2.000000 -1.000000 
0.835824 -1.354550 -0.135435 -0.878537 2.000000 -1.000000 
0.717968 -1.404108 -1.020729 0.387059 0.000000 -1.000000 
0.422622 -1.145953 -1.888129 2.191021 0.000000 -1.000000 
-0.015578 -0.539556 -2.421087 3.775209 0.000000 -1.000000 
-0.500568 0.278415 -2.288653 4.115818 0.000000 -1.000000 
-0.878928 1.003794 -1.419263 3.014468 0.000000 -1.000000 
-1.053637 1.471328 -0.314287 1.661561 0.000000 -1.000000 
-1.004444 1.668698 0.794102 0.304177 2.000000 -1.000000 
-0.730154 1.538203 1.905938 -1.629367 2.000000 -1.000000 
-0.263067 1.009786 2.706931 -3.643748 2.000000 -1.000000 
0.320524 0.120513 2.996053 -4.981587 2.000000 -1.000000 
0.861861 -0.823068 2.274423 -4.165214 1.000000 -1.000000 
1.190963 -1.477232 0.998906 -2.399768 2.000000 -1.000000 
1.268240 -1.820609 -0.226862 -1.041678 1.000000 -1.000000 
1.096308 -1.866768 -1.468500 0.604016 0.000000 -1.000000 
0.688448 -1.541357 -2.559592 2.691371 0.000000 -1.000000 
0.095412 -0.779314 -3.303132 4.881884 0.000000 -1.000000 
-0.581110 0.310295 -3.258918 5.553892 0.000000 -1.000000 
-1.131287 1.275579 -2.157455 3.967211 0.000000 -1.000000 
-1.434620 1.909933 -0.869412 2.431812 0.000000 -1.000000 
-1.478545 2.261283 0.426403 1.086093 2.000000 -1.000000 
-1.255584 2.296200 1.777715 -0.765825 2.000000 -1.000000 
-0.784012 1.938102 2.878667 -2.867699 2.000000 -1.000000 
-0.131413 1.127643 3.590238 -5.257806 2.000000 -1.000000 
0.616878 -0.106734 3.691918 -6.607414 2.000000 -1.000000 
1.244527 -1.281827 2.461567 -4.913886 2.000000 -1.000000 
1.593600 -2.091238 1.034152 -3.266917 2.000000 -1.000000 
1.662088 -2.608244 -0.334672 -1.914851 1.000000 -1.000000 
1.460475 -2.833851 -1.663809 -0.328055 0.000000 -1.000000 
1.000004 -2.715194 -2.893843 1.524747 0.000000 -1.000000 
0.338254 -2.219172 -3.599797 3.449004 0.000000 -1.000000 
-0.389484 -1.336067 -3.601393 5.349337 0.000000 -1.000000 
-1.080953 -0.130410 -3.201235 6.387183 0.000000 -1.000000 
-1.596874 1.044284 -1.834463 5.129855 0.000000 -1.000000 
-1.796248 1.917423 -0.145990 3.635833 0.000000 -1.000000 
-1.656871 2.498333 1.514037 2.143382 0.000000 -1.000000 
-1.207399 2.762497 2.926355 0.488349 0.000000 -1.000000 
-0.516588 2.702266 3.867554 -1.037597 2.000000 -1.000000 
0.286433 2.339157 3.978015 -2.492244 2.000000 -1.000000 
1.008812 1.756525 3.144378 -3.185820 2.000000 -1.000000 
1.527135 1.123380 2.031050 -3.025767 2.000000 -1.000000 
1.823659 0.577161 0.944325 -2.402691 2.000000 -1.000000 
1.908888 0.161654 -0.086402 -1.769788 2.000000 -1.000000 
1.787617 -0.135719 -1.141644 -1.195451 0.000000 -1.000000 
1.416590 -0.233382 -2.581252 0.261678 0.000000 -1.000000 
0.761922 -0.025399 -3.889370 1.729880 0.000000 -1.000000 
-0.078160 0.364217 -4.306330 1.845506 0.000000 -1.000000 
-0.872510 0.589454 -3.474414 0.269904 2.000000 -1.000000 
-1.402495 0.407349 -1.803078 -1.986121 2.000000 -1.000000 
-1.607358 -0.152571 -0.311271 -3.493033 2.000000 -1.000000 
-1.557071 -0.950668 0.751725 -4.422203 2.000000 -1.000000 
-1.322958 -1.907233 1.579256 -5.145363 2.000000 -1.000000 
-0.918489 -3.023110 2.494482 -6.098908 2.000000 -1.000000 
-0.316870 1.870005 3.564163 -8.095433 2.000000 -1.000000 
0.532686 -0.101162 4.576205 -10.944756 2.000000 -1.000000 
1.251673 -2.000144 2.360264 -7.707352 1.000000 -1.000000 
1.527792 2.967709 0.629815 -5.703077 2.000000 -1.000000 
1.590872 1.916335 0.122682 -4.953558 2.000000 -1.000000 
1.596483 0.931413 -0.065854 -5.004705 2.000000 -1.000000 
1.538776 -0.088288 -0.679706 -5.004550 2.000000 -1.000000 
1.227033 -0.926829 -2.614665 -3.028509 2.000000 -1.000000 
0.483150 -1.196985 -4.670655 0.424747 0.000000 -1.000000 
-0.551000 -0.733367 -5.379464 3.884863 0.000000 -1.000000 
-1.569113 0.148569 -4.631170 4.410479 0.000000 -1.000000 
-2.381245 0.913825 -3.549011 3.260138 2.000000 -1.000000 
-3.011985 1.458705 -2.891908 2.388973 2.000000 -1.000000 
2.695223 1.930494 -2.993933 2.445075 0.000000 -1.000000 
2.009793 2.509480 -3.974533 3.387776 0.000000 -1.000000 
1.077602 -2.972178 -5.303926 4.772907 0.000000 -1.000000 
-0.040441 -1.769916 -5.716921 7.515858 0.000000 -1.000000 
-1.196387 0.069127 -5.645077 10.130295 0.000000 -1.000000 
-2.152505 1.838941 -3.855120 7.368909 0.000000 -1.000000 
-2.808202 -3.107599 -2.906583 6.303272 0.000000 -1.000000 
2.881962 -1.836867 -3.236087 6.643467 0.000000 -1.000000 
2.109570 -0.331280 -4.597136 8.578610 0.000000 -1.000000 
1.085408 1.415274 -5.523017 8.247004 0.000000 -1.000000 
-0.114168 2.888269 -6.356780 6.654864 0.000000 -1.000000 
-1.318016 -2.068971 -5.441874 6.914939 0.000000 0.000000 
0.086299 -0.065304 -0.078936 0.005534 1.000000 -1.000000 
0.059507 -0.050094 -0.182981 0.139660 0.000000 -1.000000 
0.003198 0.020619 -0.366238 0.546091 0.000000 -1.000000 
-0.079541 0.155970 -0.439842 0.770479 0.000000 -1.000000 
-0.163440 0.312272 -0.377459 0.753224 0.000000 -1.000000 
-0.222574 0.442604 -0.199008 0.521669 2.000000 -1.000000 
-0.213639 0.446593 0.285963 -0.480136 2.000000 -1.000000 
-0.113034 0.258120 0.696713 -1.364015 2.000000 -1.000000 
0.050929 -0.073026 0.897890 -1.861271 2.000000 -1.000000 
0.225236 -0.445788 0.796557 -1.771947 2.000000 -1.000000 
0.352654 -0.749660 0.448679 -1.212334 2.000000 -1.000000 
0.397341 -0.916640 -0.008795 -0.439891 1.000000 -1.000000 
0.338720 -0.893413 -0.565257 0.664722 0.000000 -1.000000 
0.167573 -0.627191 -1.117192 1.961928 0.000000 -1.000000 
-0.090521 -0.136657 -1.400271 2.825731 0.000000 -1.000000 
-0.359283 0.437700 -1.205718 2.756134 0.000000 -1.000000 
-0.545500 0.913683 -0.615472 1.928961 0.000000 -1.000000 
-0.597117 1.194083 0.102694 0.859799 2.000000 -1.000000 
-0.488642 1.201245 0.957086 -0.781946 2.000000 -1.000000 
-0.227219 0.885255 1.617707 -2.351811 2.000000 -1.000000 
0.137227 0.286292 1.949913 -3.504172 2.000000 -1.000000 
0.509241 -0.430562 1.658287 -3.440617 2.000000 -1.000000 
0.764039 -1.021813 0.839271 -2.390835 2.000000 -1.000000 
0.835597 -1.374952 -0.127250 -1.131042 2.000000 -1.000000 
0.717461 -1.471917 -1.029259 0.165194 0.000000 -1.000000 
0.421170 -1.256749 -1.884211 1.982110 0.000000 -1.000000 
-0.013668 -0.688554 -2.397445 3.624375 0.000000 -1.000000 
-0.498576 0.122551 -2.320204 4.215499 0.000000 -1.000000 
-0.886637 0.885369 -1.471153 3.252797 0.000000 -1.000000 
-1.068804 1.401732 -0.333596 1.903377 0.000000 -1.000000 
-1.019431 1.645760 0.815052 0.526668 2.000000 -1.000000 
-0.737705 1.556834 1.954629 -1.435530 2.000000 -1.000000 
-0.261125 1.065087 2.747353 -3.470523 2.000000 -1.000000 
0.329042 0.204491 3.029993 -4.891617 2.000000 -1.000000 
0.880156 -0.736948 2.333764 -4.217645 2.000000 -1.000000 
1.229916 -1.432040 1.134484 -2.732063 2.000000 -1.000000 
1.329710 -1.840123 -0.138247 -1.360135 2.000000 -1.000000 
1.177418 -1.972255 -1.365564 0.063979 1.000000 -1.000000 
0.790611 -1.778601 -2.446621 1.906559 0.000000 -1.000000 
0.218579 -1.174611 -3.204196 4.135389 0.000000 -1.000000 
-0.458046 -0.162374 -3.420592 5.680693 0.000000 -1.000000 
-1.066066 0.904549 -2.505210 4.663174 0.000000 -1.000000 
-1.434687 1.672718 -1.166922 3.061872 0.000000 -1.000000 
-1.531742 2.147296 0.194241 1.698696 0.000000 -1.000000 
-1.360317 2.347329 1.502675 0.273526 2.000000 -1.000000 
-0.931226 2.201088 2.728578 -1.774934 2.000000 -1.000000 
-0.302751 1.621844 3.467191 -4.046627 2.000000 -1.000000 
0.425240 0.587794 3.729039 -6.137880 2.000000 -1.000000 
1.116511 -0.653616 2.974021 -5.781902 2.000000 -1.000000 
1.565573 -1.632983 1.493568 -4.041887 2.000000 -1.000000 
1.714875 -2.298709 0.008443 -2.648864 2.000000 -1.000000 
1.575356 -2.691333 -1.382433 -1.257262 1.000000 -1.000000 
1.165903 -2.773859 -2.675215 0.442426 0.000000 -1.000000 
0.525747 -2.494251 -3.614658 2.349031 0.000000 -1.000000 
-0.219660 -1.841075 -3.700829 4.142269 0.000000 -1.000000 
-0.918275 -0.868715 -3.240659 5.451557 0.000000 -1.000000 
-1.489299 0.245794 -2.361575 5.404273 0.000000 -1.000000 
-1.821189 1.210203 -0.899872 4.184242 0.000000 -1.000000 
-1.834806 1.917418 0.788558 2.856130 1.000000 -1.000000 
-1.498354 2.305317 2.542660 0.946893 0.000000 -1.000000 
-0.849023 2.289098 3.849347 -1.156722 2.000000 -1.000000 
-0.007745 1.796689 4.385567 -3.733648 2.000000 -1.000000 
0.846787 0.835837 4.072460 -5.682310 2.000000 -1.000000 
1.582751 -0.337875 3.168340 -5.672050 2.000000 -1.000000 
2.082293 -1.348517 1.819102 -4.453412 2.000000 -1.000000 
2.313755 -2.150893 0.501940 -3.617998 2.000000 -1.000000 
2.288350 -2.795647 -0.725293 -2.798754 2.000000 -1.000000 
2.038105 3.029569 -1.753443 -1.747585 0.000000 -1.000000 
1.574358 2.833793 -2.903246 -0.223353 0.000000 -1.000000 
0.873470 2.921357 -4.072170 1.013930 0.000000 -1.000000 
-0.014574 -3.084766 -4.647538 1.645118 0.000000 -1.000000 
-0.908080 -2.745659 -4.123029 1.641836 0.000000 -1.000000 
-1.622623 -2.467658 -2.988947 1.049281 0.000000 -1.000000 
-2.110717 -2.350805 -1.936920 0.085373 0.000000 -1.000000 
-2.418841 -2.436086 -1.198690 -0.923043 2.000000 -1.000000 
-2.596133 -2.748781 -0.609046 -2.160727 2.000000 -1.000000 
-2.663314 3.000705 -0.028973 -3.134595 2.000000 -1.000000 
-2.582245 2.292832 0.907904 -3.939273 2.000000 -1.000000 
-2.277618 1.409397 2.187240 -5.003418 2.000000 -1.000000 
-1.685290 0.227044 3.753466 -6.870734 2.000000 -1.000000 
-0.819574 -1.202685 4.763486 -6.903171 2.000000 -1.000000 
0.197605 -2.406726 5.321974 -5.061264 2.000000 -1.000000 
1.226442 3.024249 4.745460 -3.609545 2.000000 -1.000000 
2.050850 2.390309 3.505677 -2.780280 2.000000 0.000000 
0.021534 0.010116 0.096778 -0.049888 1.000000 -1.000000 
0.037596 0.002042 0.060378 -0.027046 0.000000 -1.000000 
0.031348 0.034741 -0.120301 0.346926 0.000000 -1.000000 
-0.007664 0.134441 -0.258449 0.626167 0.000000 -1.000000 
-0.066092 0.273007 -0.309473 0.726282 0.000000 -1.000000 
-0.124543 0.411071 -0.259534 0.623290 0.000000 -1.000000 
-0.164406 0.511337 -0.129220 0.359261 2.000000 -1.000000 
-0.148606 0.483966 0.283562 -0.627159 2.000000 -1.000000 
-0.055721 0.269266 0.623363 -1.477056 2.000000 -1.000000 
0.087487 -0.080173 0.766618 -1.930684 2.000000 -1.000000 
0.231591 -0.462922 0.630785 -1.805519 2.000000 -1.000000 
0.325314 -0.771945 0.283972 -1.234379 2.000000 -1.000000 
0.340514 -0.944113 -0.132653 -0.472969 0.000000 -1.000000 
0.253375 -0.900901 -0.720429 0.893248 0.000000 -1.000000 
0.062228 -0.596139 -1.157718 2.109220 0.000000 -1.000000 
-0.190583 -0.089802 -1.305517 2.829145 0.000000 -1.000000 
-0.427863 0.471148 -0.993610 2.632196 0.000000 -1.000000 
-0.564898 0.917727 -0.345512 1.770089 0.000000 -1.000000 
-0.561408 1.166200 0.374668 0.702141 1.000000 -1.000000 
-0.412857 1.170440 1.077717 -0.648658 2.000000 -1.000000 
-0.136573 0.886506 1.637873 -2.154648 2.000000 -1.000000 
0.219495 0.336602 1.850026 -3.219988 2.000000 -1.000000 
0.565009 -0.326435 1.506218 -3.212752 2.000000 -1.000000 
0.788229 -0.884294 0.676229 -2.278573 2.000000 -1.000000 
0.825844 -1.221385 -0.303012 -1.073214 2.000000 -1.000000 
0.672357 -1.308536 -1.202530 0.208065 0.000000 -1.000000 
0.343459 -1.084523 -2.028701 2.016326 0.000000 -1.000000 
-0.112002 -0.521378 -2.443607 3.500988 0.000000 -1.000000 
-0.589113 0.231638 -2.200162 3.769678 0.000000 -1.000000 
-0.945898 0.896245 -1.298420 2.763212 0.000000 -1.000000 
-1.094316 1.322421 -0.171936 1.491098 0.000000 -1.000000 
-1.014345 1.489432 0.959435 0.162425 2.000000 -1.000000 
-0.703790 1.326788 2.101379 -1.813424 2.000000 -1.000000 
-0.196523 0.759832 2.900239 -3.808364 2.000000 -1.000000 
0.412118 -0.124174 3.025101 -4.694270 2.000000 -1.000000 
0.943868 -0.969576 2.184033 -3.563749 2.000000 -1.000000 
1.265953 -1.534159 1.017173 -2.107503 2.000000 -1.000000 
1.347189 -1.823819 -0.206853 -0.798129 0.000000 -1.000000 
1.170305 -1.802482 -1.542491 1.043004 0.000000 -1.000000 
0.742199 -1.386122 -2.700334 3.179047 0.000000 -1.000000 
0.109333 -0.518188 -3.545135 5.394816 0.000000 -1.000000 
-0.602604 0.612884 -3.348484 5.402953 0.000000 -1.000000 
-1.167297 1.515134 -2.245889 3.586286 0.000000 -1.000000 
-1.494548 2.074212 -1.018895 2.068976 2.000000 -1.000000 
-1.560025 2.315495 0.358956 0.358525 2.000000 -1.000000 
-1.353874 2.212521 1.689616 -1.424147 2.000000 -1.000000 
-0.893632 1.722093 2.880041 -3.563201 2.000000 -1.000000 
-0.215574 0.751501 3.852898 -6.139485 2.000000 -1.000000 
0.579773 -0.585723 3.819625 -6.565587 2.000000 -1.000000 
1.227587 -1.688023 2.608427 -4.431265 2.000000 -1.000000 
1.622189 -2.403365 1.339129 -2.816160 2.000000 -1.000000 
1.765593 -2.834962 0.104513 -1.517159 1.000000 -1.000000 
1.661206 -2.989783 -1.145517 -0.020902 0.000000 -1.000000 
1.302117 -2.818122 -2.431235 1.758462 0.000000 -1.000000 
0.706694 -2.271910 -3.441604 3.763763 0.000000 -1.000000 
-0.037565 -1.282751 -3.948146 6.186154 0.000000 -1.000000 
-0.845892 0.153000 -3.911627 7.605513 0.000000 -1.000000 
-1.485541 1.490284 -2.370014 5.579416 0.000000 -1.000000 
-1.796606 2.431961 -0.771531 3.945637 0.000000 -1.000000 
-1.812275 3.087671 0.560905 2.625421 0.000000 -1.000000 
-1.588385 -2.798055 1.658014 1.371047 2.000000 -1.000000 
-1.139105 -2.667750 2.825796 0.014505 2.000000 -1.000000 
-0.473779 -2.744942 3.742852 -0.632919 2.000000 -1.000000 
0.304393 -2.854288 3.879261 -0.289743 2.000000 -1.000000 
1.013591 -2.799532 3.077441 0.963623 0.000000 -1.000000 
1.477376 -2.394763 1.446222 3.135850 0.000000 -1.000000 
1.550433 -1.532932 -0.785964 5.540278 0.000000 -1.000000 
1.158647 -0.142834 -2.981601 8.202742 0.000000 -1.000000 
0.503407 1.483970 -3.315233 7.549761 0.000000 -1.000000 
-0.155335 2.869533 -3.262080 6.485124 0.000000 -1.000000 
-0.772335 -2.128813 -2.868253 6.546772 0.000000 -1.000000 
-1.316423 -0.736331 -2.598620 7.430146 0.000000 -1.000000 
-1.750112 0.733107 -1.458644 6.816542 0.000000 -1.000000 
-1.810328 1.889281 0.941250 4.696876 0.000000 -1.000000 
-1.383848 2.603840 3.206469 2.445006 0.000000 -1.000000 
-0.590238 2.893078 4.556592 0.598447 2.000000 -1.000000 
0.372987 2.885689 4.868955 -0.435164 2.000000 -1.000000 
1.284131 2.801366 4.124478 -0.234337 2.000000 -1.000000 
2.006724 2.835277 3.120780 0.622269 2.000000 -1.000000 
2.552582 3.046944 2.396888 1.440655 1.000000 -1.000000 
2.977911 -2.883662 1.892664 1.988241 0.000000 -1.000000 
-2.970122 -2.460086 1.488903 2.152932 0.000000 -1.000000 
-2.693262 -2.055400 1.338208 1.822651 0.000000 0.000000 
0.018499 0.081563 -0.066118 0.051019 1.000000 -1.000000 
0.005135 0.084305 -0.064745 -0.026078 0.000000 -1.000000 
-0.019630 0.104892 -0.177059 0.224216 0.000000 -1.000000 
-0.062202 0.168606 -0.237911 0.395081 0.000000 -1.000000 
-0.109855 0.254379 -0.226341 0.440695 0.000000 -1.000000 
-0.147930 0.336041 -0.144523 0.356970 2.000000 -1.000000 
-0.138715 0.323780 0.234158 -0.475760 2.000000 -1.000000 
-0.058669 0.153777 0.545927 -1.185526 2.000000 -1.000000 
0.067830 -0.127372 0.683139 -1.554595 2.000000 -1.000000 
0.198489 -0.435874 0.586702 -1.456637 2.000000 -1.000000 
0.289769 -0.684530 0.304306 -0.985130 1.000000 -1.000000 
0.303140 -0.786969 -0.171156 -0.030807 0.000000 -1.000000 
0.212459 -0.667024 -0.719082 1.211886 0.000000 -1.000000 
0.026137 -0.317454 -1.103934 2.214563 0.000000 -1.000000 
-0.206074 0.175101 -1.149727 2.575340 0.000000 -1.000000 
-0.405195 0.655934 -0.786427 2.125011 0.000000 -1.000000 
-0.505532 0.996205 -0.199170 1.240119 2.000000 -1.000000 
-0.462706 1.088079 0.611975 -0.317197 2.000000 -1.000000 
-0.270160 0.872893 1.282289 -1.813787 2.000000 -1.000000 
0.033334 0.381151 1.692642 -3.007870 2.000000 -1.000000 
0.372173 -0.264790 1.595741 -3.253266 2.000000 -1.000000 
0.633608 -0.846514 0.956135 -2.451927 2.000000 -1.000000 
0.740505 -1.223458 0.100492 -1.296395 2.000000 -1.000000 
0.674957 -1.361582 -0.739252 -0.081839 0.000000 -1.000000 
0.437682 -1.203289 -1.592492 1.658856 0.000000 -1.000000 
0.057407 -0.706195 -2.151356 3.250602 0.000000 -1.000000 
-0.388718 0.039717 -2.192822 3.974927 0.000000 -1.000000 
-0.766845 0.776577 -1.492352 3.214157 0.000000 -1.000000 
-0.963418 1.292852 -0.450265 1.927461 2.000000 -1.000000 
-0.927118 1.494419 0.794924 0.090602 2.000000 -1.000000 
-0.657154 1.324399 1.865318 -1.806906 2.000000 -1.000000 
-0.200703 0.769289 2.637074 -3.701570 2.000000 -1.000000 
0.358205 -0.092664 2.803162 -4.611963 2.000000 -1.000000 
0.853090 -0.933784 2.034020 -3.593310 2.000000 -1.000000 
1.149768 -1.506847 0.910272 -2.148570 2.000000 -1.000000 
1.213438 -1.801055 -0.273716 -0.799371 0.000000 -1.000000 
1.028980 -1.776080 -1.544990 1.073618 0.000000 -1.000000 
0.610251 -1.356043 -2.598126 3.166880 0.000000 -1.000000 
0.010857 -0.505834 -3.310298 5.215230 0.000000 -1.000000 
-0.644467 0.581071 -3.035055 5.191872 0.000000 -1.000000 
-1.144296 1.454660 -1.910767 3.503194 0.000000 -1.000000 
-1.402220 2.002046 -0.661867 2.017611 0.000000 -1.000000 
-1.408552 2.270701 0.593669 0.667835 2.000000 -1.000000 
-1.157113 2.220021 1.891673 -1.205424 2.000000 -1.000000 
-0.670097 1.770886 2.920678 -3.339812 2.000000 -1.000000 
-0.012251 0.864799 3.601476 -5.698583 2.000000 -1.000000 
0.717120 -0.394740 3.453855 -6.336099 2.000000 -1.000000 
1.283797 -1.483632 2.142725 -4.467722 2.000000 -1.000000 
1.571786 -2.213178 0.742365 -2.899165 2.000000 -1.000000 
1.584741 -2.656159 -0.598412 -1.533372 1.000000 -1.000000 
1.333045 -2.802615 -1.897812 0.079644 1.000000 -1.000000 
0.839213 -2.621245 -2.976534 1.739010 0.000000 -1.000000 
0.178347 -2.085690 -3.505066 3.615419 0.000000 -1.000000 
-0.517867 -1.183675 -3.395246 5.346884 0.000000 -1.000000 
-1.156752 -0.012079 -2.872871 6.041571 0.000000 -1.000000 
-1.600842 1.084278 -1.465272 4.752585 0.000000 -1.000000 
-1.725623 1.885406 0.234659 3.267081 0.000000 -1.000000 
-1.507960 2.381560 1.914517 1.649245 0.000000 -1.000000 
-0.980321 2.529148 3.283425 -0.190697 2.000000 -1.000000 
-0.230415 2.269692 4.050216 -2.365229 2.000000 -1.000000 
0.566700 1.612971 3.781976 -4.086776 2.000000 -1.000000 
1.251398 0.696403 3.025860 -4.897914 2.000000 -1.000000 
1.758975 -0.264252 1.998357 -4.543210 2.000000 -1.000000 
2.033796 -1.088618 0.718644 -3.686472 2.000000 -1.000000 
2.031587 -1.733054 -0.783670 -2.704850 2.000000 -1.000000 
1.706899 -2.133436 -2.471370 -1.178212 2.000000 -1.000000 
1.054941 -2.155703 -3.968103 1.061350 0.000000 -1.000000 
0.163019 -1.638862 -4.778210 4.120868 0.000000 -1.000000 
-0.797372 -0.542960 -4.707439 6.545231 0.000000 -1.000000 
-1.647830 0.744829 -3.642846 5.852747 0.000000 -1.000000 
-2.241950 1.757978 -2.349220 4.421774 0.000000 -1.000000 
-2.609378 2.570450 -1.384639 3.795137 0.000000 -1.000000 
-2.824577 -2.990625 -0.857904 3.440299 0.000000 -1.000000 
-2.985849 -2.337420 -0.820180 3.091422 1.000000 -1.000000 
3.123051 -1.775634 -0.941141 2.530161 0.000000 0.000000 