0.093450 -0.089575 0.051402 -0.039368 2.000000 -1.000000 
0.077041 -0.044829 -0.210516 0.476139 2.000000 -1.000000 
0.013857 0.091692 -0.403804 0.854828 2.000000 -1.000000 
-0.075474 0.279615 -0.465080 0.977218 2.000000 -1.000000 
-0.162033 0.463168 -0.378315 0.816206 2.000000 -1.000000 
-0.219156 0.591769 -0.179659 0.444785 0.000000 -1.000000 
-0.206027 0.570364 0.307990 -0.654507 0.000000 -1.000000 
-0.100651 0.338111 0.722682 -1.625121 0.000000 -1.000000 
0.068440 -0.051237 0.919633 -2.170610 0.000000 -1.000000 
0.244188 -0.483362 0.785127 -2.043326 0.000000 -1.000000 
0.364990 -0.833427 0.395571 -1.401301 0.000000 -1.000000 
0.396508 -1.030496 -0.082941 -0.554326 0.000000 -1.000000 
0.334358 -1.053639 -0.524187 0.316605 2.000000 -1.000000 
0.173378 -0.851018 -1.059237 1.686426 2.000000 -1.000000 
-0.075411 -0.396862 -1.379639 2.771878 2.000000 -1.000000 
-0.350053 0.202779 -1.282797 3.054832 2.000000 -1.000000 
-0.555056 0.758074 -0.709601 2.384766 2.000000 -1.000000 
-0.620710 1.130716 0.061930 1.312880 2.000000 -1.000000 
-0.533455 1.278623 0.788098 0.166181 0.000000 -1.000000 
-0.300117 1.146392 1.499365 -1.469681 0.000000 -1.000000 
0.045679 0.704527 1.901018 -2.881587 0.000000 -1.000000 
0.430349 0.044101 1.850489 -3.535221 0.000000 -1.000000 
0.742577 -0.622314 1.186576 -2.964721 0.000000 -1.000000 
0.882900 -1.103759 0.192619 -1.808919 0.000000 -1.000000 
0.818067 -1.337752 -0.826969 -0.517142 2.000000 -1.000000 
0.546155 -1.253335 -1.841249 1.363109 2.000000 -1.000000 
0.106386 -0.797941 -2.485228 3.134553 2.000000 -1.000000 
-0.410604 -0.055302 -2.561344 4.050044 2.000000 -1.000000 
-0.861289 0.704625 -1.838376 3.344733 2.000000 -1.000000 
-1.120867 1.246540 -0.729664 2.057900 2.000000 -1.000000 
-1.148716 1.528400 0.450699 0.754608 0.000000 -1.000000 
-0.928604 1.490860 1.719642 -1.158720 0.000000 -1.000000 
-0.478053 1.050884 2.732637 -3.255991 0.000000 -1.000000 
0.134460 0.212479 3.266440 -4.896468 0.000000 -1.000000 
0.752497 -0.742460 2.746899 -4.301450 0.000000 -1.000000 
1.194723 -1.445402 1.638503 -2.726907 0.000000 -1.000000 
1.401634 -1.850297 0.423093 -1.355654 1.000000 -1.000000 
1.355805 -1.969788 -0.874311 0.170608 2.000000 -1.000000 
1.050638 -1.746292 -2.150963 2.118312 2.000000 -1.000000 
0.509651 -1.095342 -3.218595 4.442179 2.000000 -1.000000 
-0.207412 0.001692 -3.776766 6.147898 2.000000 -1.000000 
-0.899186 1.127650 -2.976120 4.768022 2.000000 -1.000000 
-1.375877 1.894323 -1.776573 2.974799 2.000000 -1.000000 
-1.607077 2.346940 -0.532833 1.594546 0.000000 -1.000000 
-1.576932 2.497177 0.827586 -0.097176 0.000000 -1.000000 
-1.279745 2.298015 2.125538 -1.939585 0.000000 -1.000000 
-0.740447 1.694087 3.225291 -4.190921 0.000000 -1.000000 
-0.004744 0.587995 4.065416 -6.792317 0.000000 -1.000000 
0.793733 -0.805657 3.633752 -6.469353 0.000000 -1.000000 
1.387533 -1.878508 2.289672 -4.330223 1.000000 -1.000000 
1.706254 -2.565474 0.912714 -2.623535 0.000000 -1.000000 
1.764918 -2.961218 -0.313322 -1.337116 0.000000 -1.000000 
1.583596 -3.097264 -1.499025 -0.015140 2.000000 -1.000000 
1.154965 -2.926274 -2.763678 1.730574 2.000000 -1.000000 
0.504365 -2.398834 -3.629599 3.575623 2.000000 -1.000000 
-0.244777 -1.482647 -3.779276 5.600796 2.000000 -1.000000 
-0.988840 -0.188352 -3.548319 7.018206 2.000000 -1.000000 
-1.574568 1.108005 -2.152784 5.640524 2.000000 -1.000000 
-1.831792 2.069152 -0.419937 4.041021 2.000000 -1.000000 
-1.751318 2.735573 1.179562 2.618742 2.000000 -1.000000 
-1.380655 3.114646 2.481520 1.192259 2.000000 -1.000000 
-0.776577 -3.047303 3.495089 0.124811 0.000000 -1.000000 
-0.011624 -3.101743 4.017005 -0.502214 0.000000 -1.000000 
0.766451 3.100845 3.621462 -0.148016 0.000000 -1.000000 
1.394696 -3.110382 2.596586 0.959618 2.000000 -1.000000 
1.776924 -2.738865 1.176635 2.775597 2.000000 -1.000000 
1.838523 -1.998504 -0.629385 4.651150 2.000000 -1.000000 
1.504690 -0.843368 -2.727675 7.038933 2.000000 -1.000000 
0.796742 0.755440 -4.043376 8.293207 2.000000 -1.000000 
-0.023887 2.249463 -4.137338 6.601623 2.000000 -1.000000 
-0.826919 -2.825519 -3.729702 5.660983 2.000000 -1.000000 
-1.471314 -1.723425 -2.717359 5.410173 2.000000 0.000000 
-0.079786 -0.032648 0.086385 -0.043437 0.000000 -1.000000 
-0.040942 -0.078725 0.292447 -0.402780 0.000000 -1.000000 
0.031340 -0.184344 0.412146 -0.623297 0.000000 -1.000000 
0.115499 -0.313974 0.408493 -0.638013 0.000000 -1.000000 
0.186545 -0.425950 0.285029 -0.454007 1.000000 -1.000000 
0.211339 -0.453730 -0.042076 0.182551 2.000000 -1.000000 
0.157649 -0.321854 -0.482296 1.111318 2.000000 -1.000000 
0.027936 -0.027833 -0.779418 1.758700 2.000000 -1.000000 
-0.135735 0.344842 -0.809108 1.871427 2.000000 -1.000000 
-0.277168 0.684046 -0.569943 1.451793 2.000000 -1.000000 
-0.353510 0.906045 -0.179697 0.740236 0.000000 -1.000000 
-0.324909 0.915221 0.458287 -0.644783 0.000000 -1.000000 
-0.175917 0.653220 1.007877 -1.944401 0.000000 -1.000000 
0.062882 0.162699 1.321431 -2.849883 0.000000 -1.000000 
0.320493 -0.422597 1.172790 -2.838243 0.000000 -1.000000 
0.503962 -0.917846 0.619615 -2.034238 0.000000 -1.000000 
0.559792 -1.219981 -0.064653 -0.971316 0.000000 -1.000000 
0.481785 -1.304753 -0.695285 0.119201 2.000000 -1.000000 
0.273842 -1.122340 -1.348209 1.688536 2.000000 -1.000000 
-0.041079 -0.641817 -1.750801 3.050257 2.000000 -1.000000 
-0.397258 0.045248 -1.713252 3.624129 2.000000 -1.000000 
-0.682472 0.719385 -1.057005 2.959759 2.000000 -1.000000 
-0.800324 1.194859 -0.103561 1.760860 2.000000 -1.000000 
-0.724814 1.417885 0.838737 0.462584 0.000000 -1.000000 
-0.461418 1.327401 1.742120 -1.360327 0.000000 -1.000000 
-0.052308 0.881664 2.284093 -3.045043 0.000000 -1.000000 
0.420209 0.156222 2.335057 -4.002706 0.000000 -1.000000 
0.829454 -0.611079 1.649330 -3.457325 0.000000 -1.000000 
1.052215 -1.181187 0.547096 -2.208047 0.000000 -1.000000 
1.044018 -1.489839 -0.624218 -0.865804 1.000000 -1.000000 
0.802226 -1.494559 -1.752989 0.838099 2.000000 -1.000000 
0.356457 -1.122507 -2.637871 2.877722 2.000000 -1.000000 
-0.221062 -0.368454 -3.028854 4.478452 2.000000 -1.000000 
-0.791789 0.534561 -2.523032 4.221244 2.000000 -1.000000 
-1.188018 1.243037 -1.394650 2.825207 2.000000 -1.000000 
-1.342671 1.672298 -0.145405 1.484508 0.000000 -1.000000 
-1.231106 1.788941 1.243690 -0.337744 0.000000 -1.000000 
-0.856413 1.520151 2.463837 -2.404581 0.000000 -1.000000 
-0.265397 0.808105 3.383390 -4.696476 0.000000 -1.000000 
0.447540 -0.269459 3.538431 -5.609828 0.000000 -1.000000 
1.065989 -1.248175 2.544935 -4.006019 0.000000 -1.000000 
1.453383 -1.882588 1.319098 -2.407690 0.000000 -1.000000 
1.591769 -2.232240 0.063606 -1.111690 1.000000 -1.000000 
1.473186 -2.305177 -1.240957 0.404881 2.000000 -1.000000 
1.095607 -2.032555 -2.502897 2.383321 2.000000 -1.000000 
0.490174 -1.320124 -3.507585 4.819191 2.000000 -1.000000 
-0.284311 -0.112547 -4.073135 6.889851 2.000000 -1.000000 
-1.023959 1.159629 -3.130727 5.409769 2.000000 -1.000000 
-1.517783 2.043411 -1.808920 3.537810 2.000000 -1.000000 
-1.749866 2.610251 -0.521186 2.175648 2.000000 -1.000000 
-1.730844 2.918291 0.702483 0.897970 0.000000 -1.000000 
-1.458725 2.924795 2.013535 -0.848697 0.000000 -1.000000 
-0.933940 2.570362 3.177029 -2.731167 0.000000 -1.000000 
-0.226939 1.811705 3.793429 -4.915005 0.000000 -1.000000 
0.557611 0.592786 3.989039 -7.136352 0.000000 -1.000000 
1.284280 -0.825013 3.033230 -6.472442 0.000000 -1.000000 
1.723990 -1.921587 1.361874 -4.586485 0.000000 -1.000000 
1.838159 -2.695880 -0.179485 -3.193476 0.000000 -1.000000 
1.672270 3.081918 -1.436411 -1.865431 2.000000 -1.000000 
1.261137 2.871346 -2.662019 -0.290933 2.000000 -1.000000 
0.618755 2.932688 -3.695254 0.789787 2.000000 -1.000000 
-0.169706 3.136046 -4.036496 1.109134 2.000000 -1.000000 
-0.930847 -2.957225 -3.446366 0.674505 2.000000 -1.000000 
-1.516111 -2.915555 -2.373083 -0.328250 2.000000 -1.000000 
-1.878568 -3.104447 -1.255159 -1.572933 0.000000 -1.000000 
-2.003022 2.702172 0.044232 -3.180930 0.000000 -1.000000 
-1.839071 1.903390 1.650478 -4.870338 0.000000 -1.000000 
-1.321478 0.693786 3.554214 -7.382793 0.000000 -1.000000 
-0.480485 -0.925279 4.544650 -8.039879 0.000000 -1.000000 
0.422595 -2.313749 4.445256 -5.842816 0.000000 -1.000000 
1.251522 2.960902 3.691064 -4.397099 0.000000 -1.000000 
1.866299 2.177542 2.461444 -3.452522 0.000000 0.000000 
-0.074443 -0.090139 -0.085084 -0.034168 2.000000 -1.000000 
-0.070183 -0.129109 0.125302 -0.347642 2.000000 -1.000000 
-0.027263 -0.222740 0.292009 -0.565332 2.000000 -1.000000 
0.040378 -0.343601 0.367047 -0.612229 2.000000 -1.000000 
0.112127 -0.454841 0.333255 -0.471995 2.000000 -1.000000 
0.167337 -0.522569 0.206560 -0.187855 0.000000 -1.000000 
0.165915 -0.460046 -0.220411 0.805711 0.000000 -1.000000 
0.082998 -0.210266 -0.587198 1.643794 0.000000 -1.000000 
-0.055153 0.167626 -0.750310 2.040973 0.000000 -1.000000 
-0.197414 0.564331 -0.629744 1.835841 0.000000 -1.000000 
-0.293548 0.873498 -0.311337 1.211031 0.000000 -1.000000 
-0.317793 1.038110 0.069928 0.423606 2.000000 -1.000000 
-0.246526 0.984560 0.628790 -0.949669 2.000000 -1.000000 
-0.073767 0.665413 1.072328 -2.204718 2.000000 -1.000000 
0.165920 0.131796 1.262848 -3.009246 2.000000 -1.000000 
0.398478 -0.470960 0.983885 -2.856276 2.000000 -1.000000 
0.534451 -0.960379 0.343239 -1.968884 2.000000 -1.000000 
0.531526 -1.245299 -0.364465 -0.869656 2.000000 -1.000000 
0.397333 -1.308717 -0.944838 0.223814 0.000000 -1.000000 
0.150720 -1.109856 -1.475194 1.736205 0.000000 -1.000000 
-0.173274 -0.632447 -1.711111 2.960446 0.000000 -1.000000 
-0.505472 0.021812 -1.523454 3.404324 0.000000 -1.000000 
-0.744637 0.652265 -0.797121 2.760493 0.000000 -1.000000 
-0.806913 1.092692 0.188584 1.603152 0.000000 -1.000000 
-0.672091 1.284423 1.132216 0.302972 2.000000 -1.000000 
-0.353690 1.159740 1.987088 -1.532360 2.000000 -1.000000 
0.093218 0.688806 2.401816 -3.085596 2.000000 -1.000000 
0.567893 -0.008100 2.231350 -3.656345 2.000000 -1.000000 
0.939345 -0.679864 1.401526 -2.911446 2.000000 -1.000000 
1.109396 -1.145385 0.277561 -1.721010 2.000000 -1.000000 
1.047805 -1.362383 -0.886221 -0.428018 0.000000 -1.000000 
0.745769 -1.252640 -2.090326 1.552267 0.000000 -1.000000 
0.235179 -0.736791 -2.939879 3.557661 0.000000 -1.000000 
-0.384752 0.099560 -3.100125 4.479489 0.000000 -1.000000 
-0.936031 0.909275 -2.301218 3.415302 0.000000 -1.000000 
-1.283721 1.446799 -1.153434 1.984194 2.000000 -1.000000 
-1.376038 1.666987 0.228232 0.240373 2.000000 -1.000000 
-1.194634 1.538905 1.575071 -1.560745 2.000000 -1.000000 
-0.753023 1.018054 2.814278 -3.703943 2.000000 -1.000000 
-0.092098 0.069759 3.653543 -5.501569 2.000000 -1.000000 
0.617102 -0.975675 3.253207 -4.555874 2.000000 -1.000000 
1.171451 -1.698672 2.248674 -2.703675 2.000000 -1.000000 
1.506273 -2.084977 1.083715 -1.220587 0.000000 -1.000000 
1.587517 -2.160145 -0.273169 0.451330 0.000000 -1.000000 
1.396948 -1.899700 -1.630489 2.197369 0.000000 -1.000000 
0.937059 -1.249089 -2.963648 4.414753 0.000000 -1.000000 
0.221676 -0.114814 -4.054221 6.654743 0.000000 -1.000000 
-0.572715 1.146780 -3.667732 5.452819 0.000000 -1.000000 
-1.211043 2.019294 -2.681835 3.347572 0.000000 -1.000000 
-1.634344 2.525290 -1.533696 1.789161 2.000000 -1.000000 
-1.810291 2.714458 -0.228626 0.129226 2.000000 -1.000000 
-1.726092 2.579743 1.073981 -1.487902 2.000000 -1.000000 
-1.379030 2.104636 2.396069 -3.338661 2.000000 -1.000000 
-0.768707 1.194302 3.712438 -5.918604 2.000000 -1.000000 
0.086563 -0.251756 4.572996 -7.904699 2.000000 -1.000000 
0.921883 -1.627373 3.641166 -5.564991 2.000000 -1.000000 
1.538252 -2.525870 2.510406 -3.572418 2.000000 -1.000000 
1.923342 -3.098371 1.351010 -2.209027 2.000000 -1.000000 
2.081121 2.884320 0.245177 -0.800048 2.000000 -1.000000 
2.029996 2.846454 -0.762106 0.425845 0.000000 -1.000000 
1.757602 3.096047 -1.982633 2.079606 0.000000 -1.000000 
1.233283 -2.593347 -3.238063 3.930522 0.000000 -1.000000 
0.482989 -1.562432 -4.233718 6.564093 0.000000 -1.000000 
-0.453022 0.065425 -4.879850 9.098853 0.000000 -1.000000 
-1.299692 1.662080 -3.412738 6.506983 0.000000 -1.000000 
-1.834738 2.756228 -1.990943 4.634315 0.000000 -1.000000 
-2.120479 -2.725580 -0.936446 3.421630 0.000000 -1.000000 
-2.229098 -2.154402 -0.172626 2.288309 0.000000 0.000000 
-0.097179 0.003389 -0.012496 -0.049435 2.000000 -1.000000 
-0.074531 -0.049792 0.232397 -0.469090 2.000000 -1.000000 
-0.009244 -0.174700 0.402924 -0.747401 2.000000 -1.000000 
0.078012 -0.332943 0.447034 -0.794268 2.000000 -1.000000 
0.160373 -0.476160 0.356649 -0.603666 2.000000 -1.000000 
0.213812 -0.563027 0.165822 -0.246072 0.000000 -1.000000 
0.198827 -0.505251 -0.312614 0.815613 0.000000 -1.000000 
0.093854 -0.247194 -0.711911 1.714429 0.000000 -1.000000 
-0.070266 0.148771 -0.879667 2.143519 0.000000 -1.000000 
-0.235790 0.564723 -0.727621 1.918311 0.000000 -1.000000 
-0.346137 0.885729 -0.353023 1.245047 0.000000 -1.000000 
-0.372274 1.051920 0.092977 0.405523 2.000000 -1.000000 
-0.290283 0.989825 0.711282 -1.016963 2.000000 -1.000000 
-0.096342 0.652620 1.197650 -2.314681 2.000000 -1.000000 
0.169908 0.096330 1.395607 -3.113204 2.000000 -1.000000 
0.426042 -0.520170 1.083110 -2.885209 2.000000 -1.000000 
0.577928 -1.008852 0.403480 -1.938501 2.000000 -1.000000 
0.583090 -1.284162 -0.344995 -0.805522 2.000000 -1.000000 
0.447977 -1.331247 -0.974811 0.325196 0.000000 -1.000000 
0.190053 -1.107146 -1.558692 1.890559 0.000000 -1.000000 
-0.155583 -0.593039 -1.839809 3.165907 0.000000 -1.000000 
-0.513958 0.099194 -1.645444 3.555910 0.000000 -1.000000 
-0.772824 0.747290 -0.872013 2.789852 0.000000 -1.000000 
-0.846650 1.186679 0.145642 1.572848 2.000000 -1.000000 
-0.708641 1.342844 1.202488 -0.016809 2.000000 -1.000000 
-0.375532 1.152701 2.067634 -1.872231 2.000000 -1.000000 
0.090277 0.610560 2.509194 -3.447538 2.000000 -1.000000 
0.584871 -0.147634 2.309105 -3.873031 2.000000 -1.000000 
0.964929 -0.840509 1.414475 -2.923428 2.000000 -1.000000 
1.134590 -1.299043 0.265675 -1.653392 2.000000 -1.000000 
1.069895 -1.498832 -0.903274 -0.326879 0.000000 -1.000000 
0.765596 -1.368254 -2.096295 1.662099 0.000000 -1.000000 
0.253906 -0.826215 -2.951245 3.726126 0.000000 -1.000000 
-0.372799 0.058782 -3.156378 4.792522 0.000000 -1.000000 
-0.935336 0.932201 -2.348846 3.714578 0.000000 -1.000000 
-1.290196 1.523908 -1.178641 2.230205 2.000000 -1.000000 
-1.386582 1.790754 0.210977 0.463081 2.000000 -1.000000 
-1.208836 1.705888 1.552713 -1.348320 2.000000 -1.000000 
-0.774216 1.227636 2.764646 -3.499798 2.000000 -1.000000 
-0.121312 0.299036 3.656214 -5.603556 2.000000 -1.000000 
0.601160 -0.818047 3.352347 -5.083330 2.000000 -1.000000 
1.170768 -1.645589 2.301685 -3.203285 2.000000 -1.000000 
1.513894 -2.128932 1.117435 -1.695475 2.000000 -1.000000 
1.608560 -2.318997 -0.170756 -0.221967 2.000000 -1.000000 
1.446555 -2.214800 -1.442771 1.293339 0.000000 -1.000000 
1.030223 -1.758338 -2.698161 3.355829 0.000000 -1.000000 
0.377300 -0.831638 -3.796738 5.950584 0.000000 -1.000000 
-0.431431 0.505418 -4.008982 6.749168 0.000000 -1.000000 
-1.129447 1.646051 -2.901025 4.575893 0.000000 -1.000000 
-1.588266 2.379716 -1.682912 2.867359 0.000000 -1.000000 
-1.802991 2.819476 -0.471512 1.559991 2.000000 -1.000000 
-1.768151 2.966916 0.816874 -0.091783 2.000000 -1.000000 
-1.475301 2.776710 2.109026 -1.837050 2.000000 -1.000000 
-0.933569 2.212835 3.258614 -3.884080 2.000000 -1.000000 
-0.194901 1.177398 4.099114 -6.575167 2.000000 -1.000000 
0.670677 -0.351000 4.257013 -7.969335 2.000000 -1.000000 
1.381103 -1.716165 2.768501 -5.580992 2.000000 -1.000000 
1.781951 -2.631074 1.280075 -3.708029 2.000000 -1.000000 
1.915388 3.039306 0.093718 -2.436387 2.000000 -1.000000 
1.829464 2.677586 -0.947096 -1.181657 2.000000 -1.000000 
1.532648 2.561756 -2.035536 -0.009821 0.000000 -1.000000 
0.999702 2.690265 -3.276194 1.205800 0.000000 -1.000000 
0.248698 3.002656 -4.110737 1.811076 0.000000 -1.000000 
-0.575566 -2.906205 -3.956229 1.846085 0.000000 -1.000000 
-1.276094 -2.577061 -2.965545 1.355926 0.000000 -1.000000 
-1.750172 -2.396168 -1.781819 0.389385 2.000000 -1.000000 
-1.985701 -2.478699 -0.603218 -1.232114 2.000000 -1.000000 
-1.999205 -2.888863 0.469731 -2.861517 2.000000 -1.000000 
-1.784921 2.659634 1.730728 -4.520042 2.000000 -1.000000 
-1.279970 1.542144 3.390430 -6.886581 2.000000 -1.000000 
-0.410177 -0.181860 5.029080 -9.747488 2.000000 -1.000000 
0.546611 -1.905994 4.362436 -7.070308 2.000000 -1.000000 
1.334008 -3.101758 3.446197 -5.121341 2.000000 -1.000000 
1.905904 2.271832 2.289162 -4.034552 2.000000 0.000000 
0.062883 -0.072619 0.089822 -0.025339 0.000000 -1.000000 
0.057854 -0.029426 -0.137494 0.448568 0.000000 -1.000000 
0.011253 0.098876 -0.314599 0.804248 0.000000 -1.000000 
-0.060581 0.276694 -0.383157 0.931332 0.000000 -1.000000 
-0.133314 0.453661 -0.324813 0.799062 0.000000 -1.000000 
-0.183715 0.582668 -0.167112 0.466379 2.000000 -1.000000 
-0.172431 0.569246 0.277257 -0.597116 2.000000 -1.000000 
-0.077048 0.351312 0.655768 -1.542577 2.000000 -1.000000 
0.076693 -0.021551 0.837339 -2.095273 2.000000 -1.000000 
0.236587 -0.442698 0.711824 -2.012335 2.000000 -1.000000 
0.344601 -0.791422 0.342000 -1.417238 2.000000 -1.000000 
0.367842 -0.995417 -0.111068 -0.606403 2.000000 -1.000000 
0.303194 -1.032290 -0.520028 0.231232 0.000000 -1.000000 
0.146613 -0.850104 -1.018791 1.566513 0.000000 -1.000000 
-0.090659 -0.423030 -1.307944 2.626925 0.000000 -1.000000 
-0.350493 0.150483 -1.212690 2.950828 0.000000 -1.000000 
-0.543821 0.692810 -0.663237 2.356950 0.000000 -1.000000 
-0.602045 1.064896 0.090939 1.330126 2.000000 -1.000000 
-0.500634 1.191332 0.895885 -0.062027 2.000000 -1.000000 
-0.249153 1.016893 1.571499 -1.657996 2.000000 -1.000000 
0.106048 0.547030 1.915880 -2.951078 2.000000 -1.000000 
0.483182 -0.102349 1.756026 -3.345790 2.000000 -1.000000 
0.768350 -0.712333 1.025173 -2.624270 2.000000 -1.000000 
0.876438 -1.124636 0.039334 -1.468926 2.000000 -1.000000 
0.784474 -1.293015 -0.941601 -0.202318 0.000000 -1.000000 
0.494121 -1.147958 -1.911258 1.651538 0.000000 -1.000000 
0.044863 -0.642066 -2.505464 3.326669 0.000000 -1.000000 
-0.465911 0.111051 -2.469979 3.938935 0.000000 -1.000000 
-0.889064 0.824496 -1.671768 3.037247 0.000000 -1.000000 
-1.115161 1.303563 -0.567853 1.747857 0.000000 -1.000000 
-1.113113 1.524312 0.585034 0.451496 2.000000 -1.000000 
-0.870010 1.425666 1.814134 -1.467569 2.000000 -1.000000 
-0.404775 0.924754 2.783382 -3.540914 2.000000 -1.000000 
0.209133 0.050177 3.210180 -4.915656 2.000000 -1.000000 
0.801732 -0.872877 2.569814 -4.022055 2.000000 -1.000000 
1.207197 -1.519648 1.455427 -2.462992 2.000000 -1.000000 
1.378318 -1.874382 0.249217 -1.111164 2.000000 -1.000000 
1.299341 -1.943672 -1.029705 0.433279 0.000000 -1.000000 
0.966315 -1.663671 -2.271445 2.422690 0.000000 -1.000000 
0.405536 -0.948811 -3.292112 4.753583 0.000000 -1.000000 
-0.311929 0.178663 -3.677697 6.061400 0.000000 -1.000000 
-0.968520 1.254469 -2.760194 4.454765 0.000000 -1.000000 
-1.401083 1.966037 -1.553675 2.738545 0.000000 -1.000000 
-1.587475 2.374953 -0.308416 1.382903 2.000000 -1.000000 
-1.512742 2.481003 1.047569 -0.333580 2.000000 -1.000000 
-1.173825 2.229572 2.315503 -2.230413 2.000000 -1.000000 
-0.603355 1.560200 3.345036 -4.551865 2.000000 -1.000000 
0.147960 0.387183 4.066291 -6.986833 2.000000 -1.000000 
0.914778 -0.975629 3.347342 -6.057107 2.000000 -1.000000 
1.447847 -1.974845 1.980746 -4.036173 2.000000 -1.000000 
1.710555 -2.632145 0.658817 -2.595115 2.000000 -1.000000 
1.711963 -3.001030 -0.630131 -1.093738 2.000000 -1.000000 
1.460902 -3.066744 -1.877454 0.442050 0.000000 -1.000000 
0.961056 -2.803445 -3.072980 2.199171 0.000000 -1.000000 
0.270644 -2.178883 -3.702728 4.077033 0.000000 -1.000000 
-0.474683 -1.165267 -3.697675 6.035946 0.000000 -1.000000 
-1.182608 0.160375 -3.211178 6.772730 0.000000 -1.000000 
-1.676239 1.362541 -1.631898 5.123547 0.000000 -1.000000 
-1.828113 2.232133 0.105730 3.615889 0.000000 -1.000000 
-1.646270 2.809621 1.663287 2.146679 2.000000 -1.000000 
-1.171260 3.052351 3.038148 0.312100 2.000000 -1.000000 
-0.456510 2.958209 4.003922 -1.169397 2.000000 -1.000000 
0.367104 2.622080 4.051630 -2.087677 2.000000 -1.000000 
1.097656 2.170093 3.144706 -2.300394 2.000000 0.000000 
0.005756 0.022222 0.020191 -0.077547 2.000000 -1.000000 
0.022501 -0.028663 0.142081 -0.419545 2.000000 -1.000000 
0.059160 -0.137900 0.213347 -0.647727 2.000000 -1.000000 
0.102559 -0.275826 0.207388 -0.700979 2.000000 -1.000000 
0.136931 -0.406088 0.125901 -0.575589 2.000000 -1.000000 
0.149689 -0.497282 -0.002584 -0.321388 2.000000 -1.000000 
0.122994 -0.498339 -0.258396 0.306386 0.000000 -1.000000 
0.038109 -0.347675 -0.571572 1.168601 0.000000 -1.000000 
-0.094609 -0.051420 -0.720011 1.723377 0.000000 -1.000000 
-0.232726 0.306585 -0.618936 1.768281 0.000000 -1.000000 
-0.326782 0.623138 -0.295029 1.336937 0.000000 -1.000000 
-0.344343 0.824539 0.123050 0.654520 2.000000 -1.000000 
-0.268703 0.851146 0.615690 -0.380252 2.000000 -1.000000 
-0.096481 0.649512 1.074112 -1.600196 2.000000 -1.000000 
0.143965 0.235798 1.275781 -2.440954 2.000000 -1.000000 
0.386247 -0.273885 1.076466 -2.516023 2.000000 -1.000000 
0.548921 -0.720224 0.507908 -1.863474 2.000000 -1.000000 
0.579924 -0.998843 -0.202558 -0.897607 0.000000 -1.000000 
0.450991 -1.017487 -1.057848 0.703774 0.000000 -1.000000 
0.172371 -0.724488 -1.679569 2.183878 0.000000 -1.000000 
-0.195097 -0.178529 -1.911134 3.129070 0.000000 -1.000000 
-0.550450 0.446964 -1.545669 2.939628 0.000000 -1.000000 
-0.783058 0.943409 -0.737120 1.958453 0.000000 -1.000000 
-0.836652 1.218900 0.205411 0.783787 2.000000 -1.000000 
-0.685283 1.198822 1.281326 -0.989796 2.000000 -1.000000 
-0.339199 0.821916 2.129726 -2.755828 2.000000 -1.000000 
0.137469 0.131862 2.527589 -3.947401 2.000000 -1.000000 
0.613847 -0.640071 2.108341 -3.521579 2.000000 -1.000000 
0.946030 -1.219806 1.169933 -2.235875 2.000000 -1.000000 
1.073167 -1.535089 0.093290 -0.923831 2.000000 -1.000000 
0.984158 -1.588755 -0.970099 0.398323 0.000000 -1.000000 
0.677762 -1.317571 -2.057769 2.339820 0.000000 -1.000000 
0.179380 -0.648179 -2.860074 4.293296 0.000000 -1.000000 
-0.417006 0.308150 -2.925538 4.888587 0.000000 -1.000000 
-0.922336 1.164770 -2.036750 3.531367 0.000000 -1.000000 
-1.216453 1.717924 -0.888140 2.032592 0.000000 -1.000000 
-1.274635 1.988193 0.305828 0.677395 2.000000 -1.000000 
-1.083700 1.940349 1.579038 -1.181549 2.000000 -1.000000 
-0.657415 1.498854 2.640964 -3.282791 2.000000 -1.000000 
-0.046209 0.614711 3.399761 -5.477950 2.000000 -1.000000 
0.635580 -0.548711 3.191011 -5.642942 2.000000 -1.000000 
1.162289 -1.503533 2.020231 -3.857745 2.000000 -1.000000 
1.438411 -2.116253 0.737137 -2.325597 2.000000 -1.000000 
1.457566 -2.444712 -0.539181 -0.961362 2.000000 -1.000000 
1.221706 -2.475332 -1.794672 0.675599 0.000000 -1.000000 
0.750721 -2.142993 -2.847934 2.683635 0.000000 -1.000000 
0.115317 -1.386297 -3.439311 4.909867 0.000000 -1.000000 
-0.600514 -0.202193 -3.585899 6.617461 0.000000 -1.000000 
-1.222530 1.033304 -2.457766 5.369370 0.000000 -1.000000 
-1.560649 1.928405 -0.920654 3.653315 0.000000 -1.000000 
-1.594630 2.514217 0.561378 2.215984 0.000000 -1.000000 
-1.346688 2.811540 1.887828 0.749939 2.000000 -1.000000 
-0.843514 2.776808 3.078756 -1.079076 2.000000 -1.000000 
-0.157990 2.390555 3.631414 -2.748628 2.000000 -1.000000 
0.546681 1.699428 3.303267 -4.081706 2.000000 -1.000000 
1.139891 0.800644 2.600995 -4.778497 2.000000 -1.000000 
1.570471 -0.146969 1.640816 -4.531054 2.000000 -1.000000 
1.768027 -0.961477 0.275723 -3.543122 2.000000 -1.000000 
1.659957 -1.539582 -1.395784 -2.148668 2.000000 -1.000000 
1.206094 -1.774732 -3.103264 -0.080674 0.000000 -1.000000 
0.444094 -1.485868 -4.366399 3.011585 0.000000 -1.000000 
-0.476122 -0.593274 -4.682485 5.658857 0.000000 -1.000000 
-1.349146 0.562365 -3.863038 5.372865 0.000000 -1.000000 
-1.990688 1.470826 -2.576339 3.794365 0.000000 -1.000000 
-2.397830 2.137139 -1.537645 2.982820 2.000000 -1.000000 
-2.607407 2.649402 -0.599941 2.176781 2.000000 -1.000000 
-2.651073 3.008723 0.138833 1.399746 2.000000 -1.000000 
-2.555154 -3.086059 0.828657 0.448172 2.000000 -1.000000 
-2.309321 -3.111598 1.669921 -0.747953 2.000000 -1.000000 
-1.868029 2.877480 2.786053 -2.262165 2.000000 -1.000000 
-1.188009 2.226005 3.991031 -4.410121 2.000000 -1.000000 
-0.286578 1.031730 5.018116 -7.700202 2.000000 -1.000000 
0.757087 -0.696417 5.025802 -8.519421 2.000000 -1.000000 
1.615111 -2.098459 3.578433 -5.644139 2.000000 -1.000000 
2.211415 -3.060795 2.442470 -4.160789 2.000000 -1.000000 
2.621918 2.480647 1.749533 -3.311122 2.000000 -1.000000 
2.940485 1.884247 1.498601 -2.687314 2.000000 0.000000 
0.040674 0.046945 -0.041045 -0.035501 0.000000 -1.000000 
0.015429 0.073009 -0.205229 0.287258 0.000000 -1.000000 
-0.037306 0.155212 -0.308641 0.511934 0.000000 -1.000000 
-0.101602 0.266628 -0.317811 0.573145 0.000000 -1.000000 
-0.157799 0.372671 -0.230032 0.461853 2.000000 -1.000000 
-0.163289 0.376193 0.175822 -0.426997 2.000000 -1.000000 
-0.090674 0.208282 0.532160 -1.216410 2.000000 -1.000000 
0.038185 -0.087771 0.719592 -1.670075 2.000000 -1.000000 
0.179923 -0.424941 0.656989 -1.619181 2.000000 -1.000000 
0.286479 -0.706421 0.383076 -1.144076 2.000000 -1.000000 
0.326461 -0.868519 0.009969 -0.458282 2.000000 -1.000000 
0.279516 -0.856721 -0.469138 0.569484 0.000000 -1.000000 
0.133881 -0.616633 -0.962120 1.798073 0.000000 -1.000000 
-0.090108 -0.162657 -1.222863 2.638040 0.000000 -1.000000 
-0.326122 0.380579 -1.063343 2.645152 0.000000 -1.000000 
-0.489644 0.844333 -0.531782 1.913243 0.000000 -1.000000 
-0.530548 1.128325 0.125546 0.907885 0.000000 -1.000000 
-0.443435 1.205203 0.724401 -0.134454 2.000000 -1.000000 
-0.232665 1.023843 1.345674 -1.657727 2.000000 -1.000000 
0.077298 0.558060 1.699897 -2.922749 2.000000 -1.000000 
0.417064 -0.090044 1.603922 -3.370842 2.000000 -1.000000 
0.679118 -0.711031 0.944528 -2.701415 2.000000 -1.000000 
0.777508 -1.139870 0.023793 -1.553513 2.000000 -1.000000 
0.689955 -1.325961 -0.879003 -0.299873 2.000000 -1.000000 
0.430920 -1.232888 -1.660524 1.218421 0.000000 -1.000000 
0.039726 -0.821990 -2.185468 2.832415 0.000000 -1.000000 
-0.410953 -0.147519 -2.219219 3.717236 0.000000 -1.000000 
-0.799544 0.566309 -1.566386 3.225391 0.000000 -1.000000 
-1.010772 1.097993 -0.513969 2.050206 0.000000 -1.000000 
-1.000386 1.379902 0.613917 0.754205 2.000000 -1.000000 
-0.755027 1.339881 1.799017 -1.173162 2.000000 -1.000000 
-0.302354 0.905251 2.662370 -3.151209 2.000000 -1.000000 
0.274151 0.122644 2.971613 -4.425119 2.000000 -1.000000 
0.818953 -0.722229 2.341459 -3.754295 2.000000 -1.000000 
1.179565 -1.332745 1.231866 -2.344262 2.000000 -1.000000 
1.305913 -1.669172 0.026179 -1.033952 2.000000 -1.000000 
1.182903 -1.720520 -1.242120 0.543345 0.000000 -1.000000 
0.811009 -1.411249 -2.440252 2.600933 0.000000 -1.000000 
0.225512 -0.665032 -3.345813 4.809425 0.000000 -1.000000 
-0.469976 0.400197 -3.397198 5.367022 0.000000 -1.000000 
-1.058301 1.320046 -2.403042 3.713072 0.000000 -1.000000 
-1.420096 1.900071 -1.202934 2.150265 0.000000 -1.000000 
-1.536928 2.198262 0.036529 0.849921 2.000000 -1.000000 
-1.393162 2.195491 1.389724 -0.903617 2.000000 -1.000000 
-0.989199 1.817251 2.618603 -2.950007 2.000000 -1.000000 
-0.360689 0.981459 3.627919 -5.455663 2.000000 -1.000000 
0.419843 -0.291790 3.932152 -6.700029 2.000000 -1.000000 
1.106656 -1.453936 2.830387 -4.739460 2.000000 -1.000000 
1.546206 -2.218887 1.564217 -3.013274 2.000000 -1.000000 
1.733213 -2.686040 0.312334 -1.687536 2.000000 -1.000000 
1.674131 -2.895423 -0.898524 -0.396726 0.000000 -1.000000 
1.363246 -2.799271 -2.199059 1.379580 0.000000 -1.000000 
0.808551 -2.330287 -3.277879 3.364129 0.000000 -1.000000 
0.088335 -1.425711 -3.860936 5.747401 0.000000 -1.000000 
-0.714576 -0.051364 -3.993889 7.555071 0.000000 -1.000000 
-1.390210 1.312669 -2.598047 5.759338 0.000000 -1.000000 
-1.747819 2.280388 -1.000789 4.035768 2.000000 -1.000000 
-1.798571 2.931570 0.445729 2.497314 0.000000 -1.000000 
-1.589993 -2.983643 1.620390 1.190142 2.000000 -1.000000 
-1.141725 -2.903742 2.850005 -0.337164 2.000000 -1.000000 
-0.466925 -3.087744 3.807734 -1.408614 2.000000 -1.000000 
0.323533 2.853721 3.926735 -1.915086 2.000000 -1.000000 
1.038169 2.468325 3.103961 -1.833531 2.000000 -1.000000 
1.540462 2.162788 1.900269 -1.127053 2.000000 -1.000000 
1.800163 2.046247 0.709164 0.009221 2.000000 -1.000000 
1.828440 2.176374 -0.421686 1.298642 0.000000 -1.000000 
1.616819 2.604024 -1.700838 2.955433 0.000000 -1.000000 
1.146733 -2.928843 -2.977328 4.580960 0.000000 -1.000000 
0.448715 -1.802810 -3.964132 6.879152 0.000000 -1.000000 
-0.442514 -0.100460 -4.756079 9.712317 0.000000 -1.000000 
-1.259233 1.637087 -3.147149 7.140950 0.000000 -1.000000 
-1.717386 2.847130 -1.519797 5.176384 0.000000 -1.000000 
-1.908067 -2.530699 -0.485716 3.933533 0.000000 0.000000 
-0.018263 -0.085810 0.056911 0.059868 2.000000 -1.000000 
0.006609 -0.100979 0.186097 -0.204722 2.000000 -1.000000 
0.052593 -0.162472 0.262357 -0.392165 2.000000 -1.000000 
0.106217 -0.249016 0.260345 -0.450209 2.000000 -1.000000 
0.138339 -0.299445 0.053478 -0.042020 0.000000 -1.000000 
0.113541 -0.230755 -0.294744 0.714471 0.000000 -1.000000 
0.026570 -0.026120 -0.550969 1.283445 0.000000 -1.000000 
-0.094103 0.256864 -0.620665 1.475241 0.000000 -1.000000 
-0.207242 0.534809 -0.480441 1.243091 0.000000 -1.000000 
-0.276520 0.734444 -0.197075 0.720973 2.000000 -1.000000 
-0.271206 0.784437 0.247593 -0.223103 2.000000 -1.000000 
-0.169420 0.617403 0.752193 -1.423184 2.000000 -1.000000 
0.018069 0.233973 1.079039 -2.330346 2.000000 -1.000000 
0.237838 -0.266762 1.050804 -2.539959 2.000000 -1.000000 
0.412015 -0.729081 0.644112 -1.989720 2.000000 -1.000000 
0.483769 -1.039068 0.062580 -1.081139 2.000000 -1.000000 
0.437879 -1.156600 -0.508028 -0.093970 0.000000 -1.000000 
0.269043 -1.023594 -1.149289 1.407031 0.000000 -1.000000 
-0.006943 -0.606289 -1.563918 2.703740 0.000000 -1.000000 
-0.330055 0.011498 -1.580525 3.303470 0.000000 -1.000000 
-0.599602 0.635861 -1.036528 2.787298 0.000000 -1.000000 
-0.723972 1.088745 -0.185135 1.698760 0.000000 -1.000000 
-0.672769 1.307705 0.682247 0.483264 2.000000 -1.000000 
-0.444238 1.228258 1.557237 -1.269036 2.000000 -1.000000 
-0.071429 0.808512 2.110430 -2.875551 2.000000 -1.000000 
0.368927 0.124061 2.190689 -3.772845 2.000000 -1.000000 
0.755261 -0.599875 1.569857 -3.266511 2.000000 -1.000000 
0.969681 -1.137338 0.542473 -2.067862 2.000000 -1.000000 
0.967723 -1.421466 -0.557446 -0.762177 2.000000 -1.000000 
0.745739 -1.410511 -1.624271 0.885075 0.000000 -1.000000 
0.329521 -1.037439 -2.475872 2.833245 0.000000 -1.000000 
-0.213708 -0.305878 -2.848146 4.294163 0.000000 -1.000000 
-0.748490 0.552513 -2.354236 3.988495 0.000000 -1.000000 
-1.115731 1.219423 -1.273698 2.639777 0.000000 -1.000000 
-1.250444 1.612676 -0.066910 1.303803 2.000000 -1.000000 
-1.127489 1.691203 1.276979 -0.537484 2.000000 -1.000000 
-0.751771 1.382254 2.439856 -2.597106 2.000000 -1.000000 
-0.171849 0.641609 3.286078 -4.743345 2.000000 -1.000000 
0.504783 -0.400797 3.275446 -5.224128 2.000000 -1.000000 
1.066991 -1.296590 2.267146 -3.622727 2.000000 -1.000000 
1.400756 -1.862703 1.059050 -2.094461 2.000000 -1.000000 
1.481085 -2.127784 -0.253760 -0.572002 2.000000 -1.000000 
1.301912 -2.087333 -1.523731 1.007858 0.000000 -1.000000 
0.874702 -1.682191 -2.711781 3.113252 0.000000 -1.000000 
0.233804 -0.813487 -3.645885 5.571949 0.000000 -1.000000 
-0.527539 0.432739 -3.716440 6.301390 0.000000 -1.000000 
-1.163684 1.507801 -2.569621 4.350728 0.000000 -1.000000 
-1.550843 2.206212 -1.300037 2.721281 0.000000 -1.000000 
-1.684285 2.617363 -0.039393 1.409293 2.000000 -1.000000 
-1.557103 2.728978 1.303343 -0.308058 2.000000 -1.000000 
-1.167885 2.483619 2.558817 -2.186604 2.000000 -1.000000 
-0.556355 1.830314 3.487409 -4.425699 2.000000 -1.000000 
0.205094 0.684942 4.069743 -6.961628 2.000000 -1.000000 
0.987858 -0.749731 3.474733 -6.712852 2.000000 -1.000000 
1.521701 -1.850481 1.865787 -4.394548 2.000000 -1.000000 
1.750577 -2.579022 0.444292 -2.950203 2.000000 -1.000000 
1.710049 -3.037424 -0.824940 -1.632061 2.000000 -1.000000 
1.426431 3.052180 -2.003477 -0.314045 0.000000 -1.000000 
0.902376 -3.135138 -3.196933 1.228799 0.000000 -1.000000 
0.183656 -2.758820 -3.846565 2.487451 0.000000 -1.000000 
-0.564708 -2.161424 -3.482074 3.412168 0.000000 -1.000000 
-1.169503 -1.435030 -2.528426 3.740172 0.000000 -1.000000 
-1.573778 -0.705127 -1.515851 3.485874 0.000000 -1.000000 
-1.775022 -0.057903 -0.487453 2.964847 0.000000 -1.000000 
-1.760324 0.472332 0.671147 2.291677 0.000000 -1.000000 
-1.487163 0.824428 2.105240 1.104869 2.000000 -1.000000 
-0.891102 0.797433 3.803490 -1.468745 2.000000 -1.000000 
-0.013256 0.245512 4.779986 -3.777725 2.000000 -1.000000 
0.917662 -0.508695 4.300995 -3.299334 2.000000 -1.000000 
1.653130 -0.982991 3.013888 -1.468601 0.000000 -1.000000 
2.106653 -1.092526 1.559603 0.215886 2.000000 -1.000000 
2.305926 -0.975147 0.475491 0.871341 0.000000 -1.000000 
2.295909 -0.730644 -0.569501 1.575498 2.000000 -1.000000 
2.085605 -0.362319 -1.559184 2.165089 0.000000 -1.000000 
1.645453 0.193379 -2.864535 3.396325 0.000000 -1.000000 
0.946147 0.946206 -4.064094 3.862799 0.000000 -1.000000 
0.063543 1.602127 -4.595103 2.384136 0.000000 -1.000000 
-0.801345 1.811043 -3.806977 -0.404778 2.000000 -1.000000 
-1.351555 1.387604 -1.545996 -3.779041 2.000000 -1.000000 
-1.404582 0.331290 0.895175 -6.604712 2.000000 -1.000000 
-1.114383 -1.079382 1.716717 -7.073912 2.000000 -1.000000 
-0.766494 -2.449020 1.803497 -6.772392 2.000000 -1.000000 
-0.347096 2.403138 2.544903 -7.842005 2.000000 -1.000000 
0.318856 0.529957 4.097631 -11.044723 2.000000 -1.000000 
1.020380 -1.542713 2.306951 -8.645534 2.000000 -1.000000 
1.230181 -2.998635 0.045368 -6.267532 2.000000 -1.000000 
1.162262 2.139445 -0.467363 -5.451135 2.000000 -1.000000 
1.111098 0.973899 0.010195 -6.419767 2.000000 -1.000000 
1.110796 -0.394394 -0.424511 -6.683587 2.000000 -1.000000 
0.758303 -1.399654 -3.185850 -3.074198 2.000000 -1.000000 
-0.076004 -1.640715 -4.833750 0.524739 0.000000 -1.000000 
-1.053583 -1.245318 -4.689395 3.095839 0.000000 0.000000 