0.096949 -0.043856 -0.096860 0.084696 2.000000 -1.000000 
0.052663 0.019575 -0.334761 0.531306 2.000000 -1.000000 
-0.030084 0.156933 -0.471237 0.804750 2.000000 -1.000000 
-0.125903 0.323935 -0.462398 0.821834 2.000000 -1.000000 
-0.205537 0.468957 -0.314642 0.594728 2.000000 -1.000000 
-0.245625 0.551170 -0.077150 0.211182 0.000000 -1.000000 
-0.209952 0.485219 0.426378 -0.858769 0.000000 -1.000000 
-0.082210 0.220012 0.820603 -1.737086 0.000000 -1.000000 
0.100596 -0.175492 0.954289 -2.112789 0.000000 -1.000000 
0.276542 -0.579592 0.756924 -1.833596 0.000000 -1.000000 
0.388330 -0.880246 0.338497 -1.129708 0.000000 -1.000000 
0.407370 -1.021618 -0.148748 -0.274292 2.000000 -1.000000 
0.310277 -0.931637 -0.804938 1.163305 2.000000 -1.000000 
0.095317 -0.565555 -1.308105 2.446560 2.000000 -1.000000 
-0.190344 0.007334 -1.469997 3.129126 2.000000 -1.000000 
-0.455134 0.610986 -1.098703 2.751634 2.000000 -1.000000 
-0.607319 1.066376 -0.395572 1.752395 2.000000 -1.000000 
-0.609886 1.303405 0.362915 0.611394 0.000000 -1.000000 
-0.451055 1.257900 1.192166 -1.058305 0.000000 -1.000000 
-0.148896 0.885552 1.784108 -2.631447 0.000000 -1.000000 
0.238827 0.237111 2.008419 -3.697555 0.000000 -1.000000 
0.608191 -0.500185 1.574492 -3.454050 0.000000 -1.000000 
0.835365 -1.083924 0.655382 -2.318615 0.000000 -1.000000 
0.863849 -1.418660 -0.367742 -1.019664 0.000000 -1.000000 
0.695507 -1.488673 -1.282287 0.324115 2.000000 -1.000000 
0.352244 -1.237850 -2.091596 2.173659 2.000000 -1.000000 
-0.115116 -0.634058 -2.506711 3.766280 2.000000 -1.000000 
-0.607490 0.187035 -2.283450 4.164785 2.000000 -1.000000 
-0.977041 0.928109 -1.335006 3.114622 2.000000 -1.000000 
-1.126596 1.417395 -0.147559 1.772624 2.000000 -1.000000 
-1.036527 1.634185 1.032719 0.378133 0.000000 -1.000000 
-0.710243 1.510238 2.176717 -1.641377 0.000000 -1.000000 
-0.191924 0.971938 2.935516 -3.715219 0.000000 -1.000000 
0.426305 0.076132 3.103338 -4.944807 0.000000 -1.000000 
0.976787 -0.845927 2.271317 -4.015412 0.000000 -1.000000 
1.310051 -1.499554 1.040322 -2.539447 0.000000 -1.000000 
1.389786 -1.873067 -0.244009 -1.203442 0.000000 -1.000000 
1.215166 -1.974884 -1.483641 0.216783 2.000000 -1.000000 
0.796052 -1.724526 -2.651767 2.334912 2.000000 -1.000000 
0.181088 -1.024353 -3.431353 4.662904 2.000000 -1.000000 
-0.536471 0.076819 -3.559357 5.923993 2.000000 -1.000000 
-1.153344 1.139376 -2.487084 4.465461 2.000000 -1.000000 
-1.518078 1.866102 -1.155859 2.871227 2.000000 -1.000000 
-1.615879 2.307340 0.174350 1.555522 0.000000 -1.000000 
-1.438937 2.442447 1.577158 -0.230863 0.000000 -1.000000 
-0.996430 2.198755 2.798509 -2.259137 0.000000 -1.000000 
-0.348378 1.514299 3.611010 -4.642844 0.000000 -1.000000 
0.423159 0.343769 3.988617 -6.807969 0.000000 -1.000000 
1.146461 -0.961487 3.030090 -5.756068 0.000000 -1.000000 
1.605378 -1.920034 1.561206 -3.925844 0.000000 -1.000000 
1.776015 -2.565897 0.162940 -2.570369 0.000000 -1.000000 
1.678995 -2.949342 -1.114742 -1.253118 1.000000 -1.000000 
1.329019 -3.043769 -2.372206 0.308627 2.000000 -1.000000 
0.737065 -2.810300 -3.472312 2.013256 2.000000 -1.000000 
-0.007363 -2.242960 -3.812268 3.643134 2.000000 -1.000000 
-0.732020 -1.370976 -3.363999 4.998989 2.000000 -1.000000 
-1.340385 -0.294424 -2.667647 5.563816 2.000000 -1.000000 
-1.759584 0.752055 -1.433181 4.730927 2.000000 -1.000000 
-1.888468 1.574833 0.188948 3.472284 2.000000 -1.000000 
-1.671631 2.120231 1.983355 1.896441 1.000000 -1.000000 
-1.102865 2.275734 3.621055 -0.417676 0.000000 -1.000000 
-0.270846 1.913649 4.521371 -3.210703 0.000000 -1.000000 
0.635625 1.015063 4.429004 -5.620677 0.000000 -1.000000 
1.460227 -0.202523 3.680856 -6.096027 0.000000 -1.000000 
2.063521 -1.290132 2.339658 -4.758329 0.000000 -1.000000 
2.406847 -2.148717 1.121833 -3.920161 0.000000 -1.000000 
2.524981 -2.874040 0.112250 -3.333603 0.000000 -1.000000 
2.477230 2.810615 -0.534195 -2.622433 0.000000 -1.000000 
2.320468 2.372880 -1.042588 -1.728685 0.000000 -1.000000 
2.047260 2.125767 -1.733141 -0.743722 0.000000 -1.000000 
1.610400 2.063904 -2.664476 0.055019 2.000000 -1.000000 
0.964930 2.143463 -3.749476 0.555564 2.000000 -1.000000 
0.155197 2.192523 -4.156229 -0.336217 2.000000 -1.000000 
-0.593431 1.903235 -3.044184 -2.773842 0.000000 -1.000000 
-0.939071 0.977523 -0.285728 -6.532271 0.000000 -1.000000 
-0.784180 -0.593149 1.286525 -8.354816 0.000000 -1.000000 
-0.612355 -2.106705 0.375512 -6.856044 0.000000 -1.000000 
-0.558155 2.806231 0.535439 -7.258134 0.000000 -1.000000 
-0.236937 1.088164 2.898776 -10.427573 0.000000 -1.000000 
0.421358 -1.143182 2.787063 -10.481882 1.000000 -1.000000 
0.692732 -2.873989 0.228934 -7.373515 1.000000 -1.000000 
0.701676 1.990776 0.274106 -7.272370 2.000000 -1.000000 
0.874363 0.366580 1.269268 -8.888114 1.000000 -1.000000 
0.960500 -1.233133 -0.935099 -6.303203 0.000000 -1.000000 
0.473481 -2.126256 -3.718429 -2.738743 0.000000 -1.000000 
-0.393519 -2.423419 -4.627775 -0.552076 1.000000 -1.000000 
-1.282398 -2.452811 -4.102041 -0.017136 2.000000 -1.000000 
-2.016270 -2.484095 -3.247823 -0.400564 2.000000 -1.000000 
-2.605684 -2.622940 -2.732130 -0.950834 2.000000 -1.000000 
3.138499 -2.832449 -2.751183 -1.028837 0.000000 -1.000000 
2.553368 -3.021463 -3.194721 -0.719454 2.000000 -1.000000 
1.813681 -3.028808 -4.280138 0.770066 1.000000 -1.000000 
0.834961 -2.688671 -5.434375 2.745246 2.000000 -1.000000 
-0.288218 -1.872854 -5.575460 5.453840 2.000000 -1.000000 
-1.347050 -0.537243 -4.981494 7.617639 2.000000 -1.000000 
-2.235492 0.938312 -3.814933 6.729906 2.000000 -1.000000 
-2.891524 2.164408 -2.870272 5.759275 2.000000 -1.000000 
2.843694 -2.964735 -2.796393 5.950263 2.000000 -1.000000 
2.193533 -1.659971 -3.900936 7.422231 2.000000 -1.000000 
1.213336 0.156415 -5.774382 10.329347 2.000000 -1.000000 
0.021273 2.020518 -6.022305 7.722817 2.000000 -1.000000 
-1.171214 -2.940302 -5.642696 5.887669 2.000000 0.000000 
-0.025706 -0.099186 0.049309 0.064077 2.000000 -1.000000 
-0.028122 -0.044420 -0.071195 0.473572 1.000000 -1.000000 
-0.038579 0.048522 -0.028328 0.438177 2.000000 -1.000000 
-0.051035 0.158492 -0.089866 0.639971 2.000000 -1.000000 
-0.071266 0.294239 -0.103874 0.690871 2.000000 -1.000000 
-0.089143 0.424120 -0.067865 0.584560 2.000000 -1.000000 
-0.096189 0.520005 0.000472 0.359753 2.000000 -1.000000 
-0.088531 0.564071 0.074868 0.076687 0.000000 -1.000000 
-0.042585 0.485878 0.374959 -0.843305 0.000000 -1.000000 
0.055065 0.238970 0.577816 -1.576412 0.000000 -1.000000 
0.175423 -0.116417 0.587378 -1.892708 0.000000 -1.000000 
0.273540 -0.481249 0.359991 -1.676274 0.000000 -1.000000 
0.309505 -0.761633 -0.011320 -1.087912 0.000000 -1.000000 
0.269017 -0.907479 -0.383192 -0.364283 2.000000 -1.000000 
0.141399 -0.849773 -0.865098 0.920417 2.000000 -1.000000 
-0.063813 -0.553059 -1.148369 1.991960 2.000000 -1.000000 
-0.298350 -0.087020 -1.137921 2.553575 2.000000 -1.000000 
-0.491822 0.413478 -0.736919 2.328180 2.000000 -1.000000 
-0.574552 0.805464 -0.066682 1.532928 2.000000 -1.000000 
-0.516298 1.013147 0.636913 0.530171 0.000000 -1.000000 
-0.309650 0.959697 1.385401 -1.045192 0.000000 -1.000000 
0.016404 0.610484 1.813121 -2.375521 0.000000 -1.000000 
0.385035 0.057494 1.784634 -2.990580 0.000000 -1.000000 
0.692027 -0.511808 1.208112 -2.557549 0.000000 -1.000000 
0.846552 -0.928201 0.309153 -1.560358 0.000000 -1.000000 
0.811630 -1.126088 -0.652300 -0.402826 2.000000 -1.000000 
0.573740 -1.028048 -1.687041 1.385245 2.000000 -1.000000 
0.158279 -0.579169 -2.395947 3.031371 2.000000 -1.000000 
-0.343544 0.118293 -2.492350 3.692642 2.000000 -1.000000 
-0.784503 0.791284 -1.822035 2.871675 2.000000 -1.000000 
-1.049843 1.240175 -0.803560 1.607865 0.000000 -1.000000 
-1.081807 1.384105 0.480511 -0.162153 0.000000 -1.000000 
-0.861896 1.169537 1.699544 -2.011217 0.000000 -1.000000 
-0.414348 0.571115 2.719575 -3.929590 0.000000 -1.000000 
0.180267 -0.322170 3.054950 -4.644676 0.000000 -1.000000 
0.737797 -1.141208 2.413926 -3.368610 0.000000 -1.000000 
1.123272 -1.656749 1.408620 -1.814095 1.000000 -1.000000 
1.284684 -1.858083 0.195701 -0.227064 1.000000 -1.000000 
1.200561 -1.750350 -1.031887 1.319120 2.000000 -1.000000 
0.868022 -1.290833 -2.278319 3.335313 2.000000 -1.000000 
0.299990 -0.399927 -3.324503 5.467950 2.000000 -1.000000 
-0.385730 0.733214 -3.307719 5.362031 2.000000 -1.000000 
-0.962789 1.624967 -2.404904 3.519545 2.000000 -1.000000 
-1.335642 2.163238 -1.301698 1.922803 0.000000 -1.000000 
-1.464296 2.368783 0.018636 0.155927 0.000000 -1.000000 
-1.328784 2.225585 1.329286 -1.609922 0.000000 -1.000000 
-0.938448 1.705686 2.554477 -3.666637 0.000000 -1.000000 
-0.314626 0.721223 3.645532 -6.187454 0.000000 -1.000000 
0.451436 -0.624710 3.728659 -6.608918 0.000000 -1.000000 
1.090843 -1.736287 2.611202 -4.475037 0.000000 -1.000000 
1.491924 -2.456357 1.392733 -2.814107 0.000000 -1.000000 
1.647426 -2.881757 0.166918 -1.458825 1.000000 -1.000000 
1.555043 -3.021148 -1.087189 0.068944 2.000000 -1.000000 
1.208873 -2.832117 -2.353868 1.833278 2.000000 -1.000000 
0.634320 -2.277287 -3.306336 3.763640 2.000000 -1.000000 
-0.076800 -1.301639 -3.753500 6.042468 2.000000 -1.000000 
-0.843140 0.096943 -3.706358 7.437882 2.000000 -1.000000 
-1.445254 1.416072 -2.184199 5.534940 2.000000 -1.000000 
-1.713835 2.346151 -0.524842 3.859538 2.000000 -1.000000 
-1.671352 2.976378 0.898136 2.456155 2.000000 -1.000000 
-1.371962 -2.948864 2.065548 1.159375 0.000000 -1.000000 
-0.843845 -2.855168 3.173784 -0.117572 0.000000 -1.000000 
-0.134431 -2.942715 3.799870 -0.601854 0.000000 -1.000000 
0.615512 -3.033342 3.552459 -0.154839 1.000000 -1.000000 
1.231338 -2.934344 2.514999 1.243791 2.000000 -1.000000 
1.585967 -2.490957 0.949397 3.225568 2.000000 -1.000000 
1.577378 -1.633039 -1.100320 5.421145 2.000000 -1.000000 
1.134252 -0.273402 -3.236842 8.112165 2.000000 -1.000000 
0.415179 1.359673 -3.670477 7.603296 2.000000 -1.000000 
-0.308740 2.720486 -3.542822 6.150351 2.000000 -1.000000 
-0.960102 -2.397245 -2.879129 5.642256 2.000000 -1.000000 
-1.455925 -1.274124 -2.119441 5.637412 2.000000 -1.000000 
-1.814265 -0.142244 -1.411762 5.594469 2.000000 -1.000000 
-1.972029 0.897091 -0.026555 4.636567 2.000000 -1.000000 
-1.776752 1.659217 2.055424 2.837369 2.000000 -1.000000 
-1.149111 1.968776 4.132692 0.110846 0.000000 -1.000000 
-0.182676 1.623656 5.295403 -3.563910 0.000000 -1.000000 
0.882982 0.595372 5.206663 -6.369641 0.000000 -1.000000 
1.831362 -0.673465 4.150479 -5.814665 0.000000 -1.000000 
2.545965 -1.689130 3.096570 -4.517631 0.000000 -1.000000 
3.113309 -2.556132 2.691767 -4.309966 0.000000 -1.000000 
-2.611890 2.820403 3.024556 -4.893074 0.000000 -1.000000 
-1.907299 1.693559 4.160312 -6.686854 0.000000 -1.000000 
-0.887687 -0.001834 5.946327 -9.938106 0.000000 -1.000000 
0.316119 -1.790498 5.861842 -7.166417 0.000000 -1.000000 
1.441888 -2.925859 5.253958 -4.494594 0.000000 -1.000000 
2.379821 2.581969 4.155357 -3.474457 0.000000 -1.000000 
-3.130733 1.901739 3.734544 -3.493007 0.000000 -1.000000 
-2.342376 1.102904 4.328502 -4.756598 0.000000 -1.000000 
-1.336432 -0.087297 5.752428 -6.939841 0.000000 -1.000000 
-0.108154 -1.362258 6.304380 -5.036516 0.000000 -1.000000 
1.097555 -1.961062 5.464096 -0.889904 0.000000 -1.000000 
1.976173 -1.764744 3.182683 2.642603 1.000000 -1.000000 
2.354256 -0.973025 0.686740 5.069649 2.000000 0.000000 
-0.010304 -0.056813 0.036479 -0.041135 0.000000 -1.000000 
0.010095 -0.093875 0.162004 -0.319520 1.000000 -1.000000 
0.037801 -0.143922 0.108049 -0.168388 2.000000 -1.000000 
0.037905 -0.123385 -0.106194 0.369829 1.000000 -1.000000 
0.011119 -0.036458 -0.153485 0.480270 2.000000 -1.000000 
-0.032967 0.094296 -0.273939 0.797122 2.000000 -1.000000 
-0.091718 0.267439 -0.295794 0.894704 2.000000 -1.000000 
-0.144077 0.436045 -0.212657 0.756416 2.000000 -1.000000 
-0.171836 0.558105 -0.057356 0.443368 1.000000 -1.000000 
-0.153312 0.575781 0.238239 -0.265159 0.000000 -1.000000 
-0.068023 0.424366 0.596736 -1.219872 0.000000 -1.000000 
0.074483 0.107793 0.791242 -1.872890 0.000000 -1.000000 
0.229753 -0.286671 0.713460 -1.971888 0.000000 -1.000000 
0.341888 -0.643241 0.376198 -1.524244 1.000000 -1.000000 
0.360954 -0.846566 -0.186018 -0.492230 2.000000 -1.000000 
0.260322 -0.808969 -0.798861 0.854635 2.000000 -1.000000 
0.053282 -0.516042 -1.232046 2.021512 2.000000 -1.000000 
-0.210892 -0.036363 -1.341762 2.647826 2.000000 -1.000000 
-0.451986 0.481695 -1.000248 2.398316 2.000000 -1.000000 
-0.589684 0.882743 -0.347201 1.555377 2.000000 -1.000000 
-0.586023 1.091735 0.379844 0.521779 0.000000 -1.000000 
-0.423922 1.033558 1.209146 -1.093929 0.000000 -1.000000 
-0.118882 0.663122 1.789155 -2.556815 0.000000 -1.000000 
0.263049 0.054763 1.935746 -3.350712 0.000000 -1.000000 
0.610942 -0.589713 1.450202 -2.917268 0.000000 -1.000000 
0.817118 -1.068385 0.578254 -1.823271 0.000000 -1.000000 
0.836729 -1.311880 -0.380194 -0.602851 2.000000 -1.000000 
0.652402 -1.253053 -1.431215 1.196931 2.000000 -1.000000 
0.281045 -0.832553 -2.229309 2.979829 2.000000 -1.000000 
-0.208549 -0.101373 -2.551294 4.115816 2.000000 -1.000000 
-0.679686 0.691365 -2.035030 3.567100 2.000000 -1.000000 
-0.990705 1.275256 -1.037841 2.243278 2.000000 -1.000000 
-1.087999 1.590727 0.069262 0.916695 0.000000 -1.000000 
-0.948947 1.591172 1.299072 -0.927507 0.000000 -1.000000 
-0.581162 1.208342 2.338979 -2.926936 0.000000 -1.000000 
-0.034457 0.424577 3.038701 -4.777149 0.000000 -1.000000 
0.568853 -0.566261 2.808416 -4.731214 0.000000 -1.000000 
1.034548 -1.363482 1.790991 -3.184096 0.000000 -1.000000 
1.275917 -1.850956 0.611945 -1.725477 0.000000 -1.000000 
1.277917 -2.061015 -0.587456 -0.373940 2.000000 -1.000000 
1.032737 -1.949631 -1.834374 1.519897 2.000000 -1.000000 
0.560985 -1.434711 -2.836607 3.678372 2.000000 -1.000000 
-0.081532 -0.472318 -3.498900 5.802941 2.000000 -1.000000 
-0.758704 0.707184 -3.049805 5.492075 2.000000 -1.000000 
-1.247710 1.623684 -1.805229 3.679753 2.000000 -1.000000 
-1.477979 2.206338 -0.496784 2.194787 2.000000 -1.000000 
-1.448148 2.508661 0.785524 0.824202 0.000000 -1.000000 
-1.158295 2.489255 2.080570 -1.040228 0.000000 -1.000000 
-0.637669 2.080823 3.048117 -3.080960 0.000000 -1.000000 
0.026743 1.242453 3.534118 -5.314140 0.000000 -1.000000 
0.747552 0.002612 3.504467 -6.670454 0.000000 -1.000000 
1.331277 -1.201899 2.196258 -5.117695 0.000000 -1.000000 
1.613989 -2.054024 0.634235 -3.475044 0.000000 -1.000000 
1.590623 -2.605696 -0.843259 -2.043048 0.000000 -1.000000 
1.288649 -2.867396 -2.143627 -0.572275 2.000000 -1.000000 
0.739380 -2.801362 -3.273582 1.202320 2.000000 -1.000000 
0.027729 -2.402247 -3.686849 2.739309 2.000000 -1.000000 
-0.671629 -1.734448 -3.197010 3.841359 2.000000 -1.000000 
-1.229306 -0.911932 -2.359721 4.266747 2.000000 -1.000000 
-1.607750 -0.074317 -1.392890 4.005512 2.000000 -1.000000 
-1.769134 0.657150 -0.172328 3.244789 2.000000 -1.000000 
-1.655121 1.194813 1.363484 2.029618 2.000000 -1.000000 
-1.212100 1.416077 3.050444 0.040542 0.000000 -1.000000 
-0.449198 1.112138 4.442963 -3.113940 0.000000 -1.000000 
0.497558 0.222207 4.815368 -5.364080 0.000000 -1.000000 
1.379258 -0.782014 3.843370 -4.276394 0.000000 -1.000000 
2.022475 -1.467111 2.623630 -2.707712 0.000000 -1.000000 
2.448910 -1.927179 1.692138 -2.022432 1.000000 -1.000000 
2.709737 -2.290545 0.956489 -1.673720 0.000000 -1.000000 
2.850378 -2.629719 0.475543 -1.725927 1.000000 -1.000000 
2.902744 -2.957688 0.069791 -1.536570 1.000000 -1.000000 
2.884683 3.049503 -0.240469 -1.192783 0.000000 -1.000000 
2.813022 2.842705 -0.482418 -0.839934 0.000000 -1.000000 
2.685848 2.728093 -0.813184 -0.270156 0.000000 -1.000000 
2.474730 2.748853 -1.340227 0.512540 0.000000 -1.000000 
2.129858 2.946752 -2.163818 1.502765 2.000000 -1.000000 
1.577447 -2.876235 -3.383892 3.171949 2.000000 -1.000000 
0.787073 -2.018543 -4.455601 5.592776 2.000000 -1.000000 
-0.190029 -0.556515 -5.270147 8.961958 2.000000 -1.000000 
-1.180631 1.185024 -4.287615 7.557483 2.000000 -1.000000 
-1.883545 2.437059 -2.812095 5.235279 2.000000 -1.000000 
-2.333146 -2.925885 -1.771037 4.072378 2.000000 -1.000000 
-2.626586 -2.198326 -1.235588 3.227234 2.000000 0.000000 
-0.083116 0.069981 0.031750 0.042263 0.000000 -1.000000 
-0.052358 0.029246 0.268052 -0.437387 0.000000 -1.000000 
0.018621 -0.095543 0.423091 -0.777173 0.000000 -1.000000 
0.107797 -0.265061 0.445045 -0.874407 0.000000 -1.000000 
0.187110 -0.427648 0.327882 -0.713775 0.000000 -1.000000 
0.232227 -0.537907 0.112464 -0.367369 1.000000 -1.000000 
0.217389 -0.536884 -0.257372 0.374860 2.000000 -1.000000 
0.120936 -0.361128 -0.686244 1.348055 2.000000 -1.000000 
-0.044025 -0.021318 -0.919277 1.965565 2.000000 -1.000000 
-0.225187 0.382615 -0.839477 1.968855 2.000000 -1.000000 
-0.360847 0.729002 -0.484277 1.430532 2.000000 -1.000000 
-0.410576 0.937990 -0.005211 0.637726 0.000000 -1.000000 
-0.341859 0.921701 0.677401 -0.793021 0.000000 -1.000000 
-0.148679 0.627945 1.221714 -2.104932 0.000000 -1.000000 
0.127345 0.110842 1.469666 -2.937603 0.000000 -1.000000 
0.403961 -0.477641 1.213291 -2.783076 0.000000 -1.000000 
0.585988 -0.952168 0.568865 -1.893987 0.000000 -1.000000 
0.624346 -1.222050 -0.185965 -0.792105 2.000000 -1.000000 
0.497151 -1.213353 -1.058182 0.873150 2.000000 -1.000000 
0.215233 -0.876860 -1.718345 2.463199 2.000000 -1.000000 
-0.167304 -0.256596 -2.024672 3.593775 2.000000 -1.000000 
-0.548934 0.469840 -1.678400 3.444825 2.000000 -1.000000 
-0.803246 1.056366 -0.817536 2.348167 2.000000 -1.000000 
-0.867513 1.399291 0.177144 1.073133 0.000000 -1.000000 
-0.719580 1.431986 1.270658 -0.749805 0.000000 -1.000000 
-0.375901 1.096661 2.117249 -2.597940 0.000000 -1.000000 
0.103007 0.410854 2.584721 -4.122218 0.000000 -1.000000 
0.604122 -0.443802 2.278994 -4.118647 0.000000 -1.000000 
0.967873 -1.148325 1.300147 -2.848121 0.000000 -1.000000 
1.113948 -1.580207 0.152381 -1.478139 1.000000 -1.000000 
1.022081 -1.715392 -1.051848 0.135760 2.000000 -1.000000 
0.697947 -1.493156 -2.144836 2.113768 2.000000 -1.000000 
0.185401 -0.862203 -2.919070 4.166446 2.000000 -1.000000 
-0.429297 0.107023 -3.061744 5.168864 2.000000 -1.000000 
-0.963054 1.040123 -2.160501 3.948730 2.000000 -1.000000 
-1.274757 1.673731 -0.940790 2.420013 2.000000 -1.000000 
-1.337103 2.019886 0.315724 1.049297 0.000000 -1.000000 
-1.138965 2.044880 1.637799 -0.825218 0.000000 -1.000000 
-0.698779 1.673658 2.710671 -2.934528 0.000000 -1.000000 
-0.077850 0.855521 3.437466 -5.218714 0.000000 -1.000000 
0.626164 -0.314040 3.385833 -5.975244 0.000000 -1.000000 
1.192964 -1.351110 2.197241 -4.267195 0.000000 -1.000000 
1.498256 -2.041230 0.854123 -2.699518 0.000000 -1.000000 
1.535783 -2.444811 -0.471234 -1.340826 1.000000 -1.000000 
1.308784 -2.551791 -1.776373 0.292366 2.000000 -1.000000 
0.834569 -2.297069 -2.899564 2.287134 2.000000 -1.000000 
0.185773 -1.623165 -3.500787 4.479424 2.000000 -1.000000 
-0.539272 -0.512190 -3.667003 6.450475 2.000000 -1.000000 
-1.202654 0.762335 -2.758443 5.820037 2.000000 -1.000000 
-1.599589 1.746180 -1.194362 4.067996 2.000000 -1.000000 
-1.682444 2.414413 0.349702 2.635238 1.000000 -1.000000 
-1.464429 2.777016 1.796860 0.977927 0.000000 -1.000000 
-0.972305 2.783372 3.069275 -0.908864 0.000000 -1.000000 
-0.274784 2.419269 3.765556 -2.710335 0.000000 -1.000000 
0.468934 1.715949 3.547533 -4.251684 0.000000 -1.000000 
1.117305 0.761044 2.902925 -5.154134 0.000000 -1.000000 
1.608239 -0.263940 1.926100 -4.885850 0.000000 -1.000000 
1.856887 -1.138495 0.506450 -3.809859 0.000000 -1.000000 
1.792768 -1.774016 -1.182805 -2.478171 0.000000 -1.000000 
1.379952 -2.090784 -2.914802 -0.580092 0.000000 -1.000000 
0.659172 -1.969471 -4.158351 1.845914 2.000000 -1.000000 
-0.227188 -1.310224 -4.544267 4.663016 2.000000 -1.000000 
-1.108902 -0.190853 -4.140833 6.121110 2.000000 -1.000000 
-1.820853 0.941783 -2.902207 4.979347 2.000000 -1.000000 
-2.273758 1.817668 -1.661693 3.899203 2.000000 -1.000000 
-2.496778 2.534864 -0.600387 3.308841 2.000000 -1.000000 
-2.530824 3.139813 0.207642 2.717172 2.000000 -1.000000 
-2.430222 -2.675429 0.779880 1.927748 2.000000 -1.000000 
-2.214790 -2.385176 1.406309 0.951678 2.000000 -1.000000 
-1.850222 -2.297867 2.285801 -0.061568 0.000000 -1.000000 
-1.270893 -2.431662 3.524782 -1.181951 0.000000 -1.000000 
-0.453286 -2.719897 4.550483 -1.548118 0.000000 -1.000000 
0.481928 -2.993095 4.610006 -1.051710 0.000000 -1.000000 
1.323080 -3.097034 3.695120 0.093914 2.000000 -1.000000 
1.928929 -2.898760 2.338691 1.895001 2.000000 -1.000000 
2.244928 -2.349350 0.770592 3.554770 2.000000 -1.000000 
2.219316 -1.489846 -1.043016 5.056851 2.000000 -1.000000 
1.827856 -0.294393 -2.833431 6.926712 2.000000 -1.000000 
1.143261 1.172669 -3.858263 7.334324 2.000000 -1.000000 
0.297908 2.554531 -4.587771 6.508866 2.000000 -1.000000 
-0.627513 -2.444070 -4.436907 6.559182 2.000000 -1.000000 
-1.438165 -1.043544 -3.727129 7.509469 2.000000 -1.000000 
-2.114733 0.492452 -2.883649 7.467562 2.000000 -1.000000 
-2.528982 1.847646 -1.211557 6.141010 2.000000 -1.000000 
-2.612341 2.990826 0.217911 5.358808 2.000000 -1.000000 
-2.539015 -2.274104 0.313406 4.874761 2.000000 0.000000 
0.087976 0.056702 0.073838 0.050881 2.000000 -1.000000 
0.079322 0.103517 -0.156829 0.407270 2.000000 -1.000000 
0.028866 0.211898 -0.333796 0.649324 2.000000 -1.000000 
-0.047026 0.349835 -0.405556 0.694757 2.000000 -1.000000 
-0.125115 0.475450 -0.356627 0.530293 1.000000 -1.000000 
-0.170385 0.518710 -0.086659 -0.108952 0.000000 -1.000000 
-0.145552 0.398789 0.329412 -1.072659 0.000000 -1.000000 
-0.045006 0.104769 0.647626 -1.804957 0.000000 -1.000000 
0.097195 -0.288066 0.728188 -2.024405 0.000000 -1.000000 
0.227592 -0.665364 0.539519 -1.671225 1.000000 -1.000000 
0.291281 -0.903897 0.089144 -0.691197 1.000000 -1.000000 
0.263494 -0.938541 -0.359022 0.341670 2.000000 -1.000000 
0.141685 -0.741631 -0.839658 1.604275 2.000000 -1.000000 
-0.060838 -0.314818 -1.141869 2.582641 2.000000 -1.000000 
-0.289553 0.240361 -1.071461 2.817302 2.000000 -1.000000 
-0.460413 0.752826 -0.587431 2.204988 2.000000 -1.000000 
-0.513222 1.097832 0.065972 1.217204 2.000000 -1.000000 
-0.437418 1.235714 0.670936 0.164325 0.000000 -1.000000 
-0.237631 1.113417 1.286998 -1.366028 0.000000 -1.000000 
0.059763 0.702976 1.637996 -2.677795 0.000000 -1.000000 
0.392123 0.085560 1.603635 -3.335044 0.000000 -1.000000 
0.662515 -0.552748 1.019419 -2.887708 0.000000 -1.000000 
0.777522 -1.027508 0.105941 -1.808512 0.000000 -1.000000 
0.703745 -1.265775 -0.826991 -0.561316 1.000000 -1.000000 
0.450980 -1.223391 -1.648753 0.974549 2.000000 -1.000000 
0.059413 -0.858860 -2.197540 2.614871 2.000000 -1.000000 
-0.395520 -0.221679 -2.253458 3.576002 2.000000 -1.000000 
-0.795222 0.477029 -1.642033 3.210774 2.000000 -1.000000 
-1.023622 1.012879 -0.605397 2.097448 2.000000 -1.000000 
-1.031076 1.307926 0.530840 0.836565 0.000000 -1.000000 
-0.798849 1.285903 1.754833 -1.078174 0.000000 -1.000000 
-0.349449 0.869767 2.674642 -3.064009 0.000000 -1.000000 
0.234550 0.103493 3.031259 -4.346493 0.000000 -1.000000 
0.794837 -0.725403 2.435075 -3.672149 0.000000 -1.000000 
1.176698 -1.318696 1.348794 -2.255187 0.000000 -1.000000 
1.327938 -1.638181 0.156575 -0.958783 1.000000 -1.000000 
1.231025 -1.678199 -1.115978 0.578522 2.000000 -1.000000 
0.880718 -1.365786 -2.358452 2.601500 2.000000 -1.000000 
0.303416 -0.619760 -3.348352 4.809711 2.000000 -1.000000 
-0.399900 0.442721 -3.469234 5.331734 2.000000 -1.000000 
-1.009073 1.351117 -2.537817 3.635090 2.000000 -1.000000 
-1.402223 1.911482 -1.377342 2.034681 2.000000 -1.000000 
-1.556195 2.185665 -0.158256 0.733500 0.000000 -1.000000 
-1.451958 2.163295 1.194262 -0.977822 0.000000 -1.000000 
-1.083458 1.775697 2.470646 -2.972824 0.000000 -1.000000 
-0.473541 0.936160 3.598689 -5.482255 0.000000 -1.000000 
0.313168 -0.342681 4.014645 -6.710926 0.000000 -1.000000 
1.026092 -1.500539 3.009639 -4.688440 0.000000 -1.000000 
1.509254 -2.249483 1.813686 -2.907274 0.000000 -1.000000 
1.749980 -2.693156 0.596104 -1.567586 1.000000 -1.000000 
1.743918 -2.861516 -0.653022 -0.112144 1.000000 -1.000000 
1.488795 -2.732118 -1.894704 1.431418 2.000000 -1.000000 
0.987817 -2.252128 -3.069957 3.439025 2.000000 -1.000000 
0.284698 -1.317079 -3.922445 6.014219 2.000000 -1.000000 
-0.557360 0.128441 -4.259541 7.856598 2.000000 -1.000000 
-1.286105 1.509815 -2.889700 5.695301 2.000000 -1.000000 
-1.716467 2.458250 -1.440612 3.927680 2.000000 -1.000000 
-1.875399 3.110484 -0.187921 2.621007 2.000000 -1.000000 
-1.803802 -2.775157 0.890820 1.355313 0.000000 -1.000000 
-1.504254 -2.666450 2.120993 -0.240638 0.000000 -1.000000 
-0.953078 -2.851240 3.364713 -1.536151 0.000000 -1.000000 
-0.190760 3.031566 4.115890 -2.403313 0.000000 -1.000000 
0.616992 2.492718 3.781022 -2.920727 0.000000 -1.000000 
1.269423 1.900526 2.682607 -2.888829 0.000000 0.000000 
0.095918 -0.091808 -0.046443 -0.072199 2.000000 -1.000000 
0.060369 -0.053558 -0.300379 0.442207 2.000000 -1.000000 
-0.018230 0.075230 -0.465322 0.810495 2.000000 -1.000000 
-0.115893 0.253035 -0.485642 0.921018 2.000000 -1.000000 
-0.202148 0.424752 -0.355043 0.755900 2.000000 -1.000000 
-0.250664 0.541915 -0.118530 0.392989 0.000000 -1.000000 
-0.222323 0.511473 0.395712 -0.689996 0.000000 -1.000000 
-0.098830 0.275963 0.811135 -1.616171 0.000000 -1.000000 
0.085541 -0.104103 0.980829 -2.084142 0.000000 -1.000000 
0.270175 -0.511908 0.813929 -1.893229 0.000000 -1.000000 
0.394263 -0.829332 0.400407 -1.230632 0.000000 -1.000000 
0.424403 -0.992155 -0.102105 -0.384330 1.000000 -1.000000 
0.344946 -0.952777 -0.676465 0.768659 2.000000 -1.000000 
0.151788 -0.662190 -1.223163 2.100051 2.000000 -1.000000 
-0.125400 -0.142391 -1.481069 2.972279 2.000000 -1.000000 
-0.405310 0.456963 -1.232755 2.852197 2.000000 -1.000000 
-0.590768 0.945864 -0.582009 1.964835 2.000000 -1.000000 
-0.630634 1.229006 0.184147 0.853212 0.000000 -1.000000 
-0.502922 1.231600 1.064193 -0.821164 0.000000 -1.000000 
-0.219534 0.904514 1.726461 -2.422487 0.000000 -1.000000 
0.165015 0.289668 2.038547 -3.585834 0.000000 -1.000000 
0.550766 -0.440373 1.704530 -3.485536 0.000000 -1.000000 
0.810240 -1.036777 0.840733 -2.401331 0.000000 -1.000000 
0.878079 -1.390204 -0.165369 -1.124131 1.000000 -1.000000 
0.739904 -1.458136 -1.187287 0.449214 2.000000 -1.000000 
0.410626 -1.182487 -2.054939 2.304315 2.000000 -1.000000 
-0.058235 -0.549199 -2.556331 3.923284 2.000000 -1.000000 
-0.564341 0.294948 -2.359633 4.215496 2.000000 -1.000000 
-0.949717 1.033320 -1.421445 3.053286 2.000000 -1.000000 
-1.119564 1.506870 -0.265200 1.686475 0.000000 -1.000000 
-1.039649 1.659334 1.043540 -0.167735 0.000000 -1.000000 
-0.714926 1.430327 2.161344 -2.152300 0.000000 -1.000000 
-0.195802 0.790512 2.965760 -4.208006 0.000000 -1.000000 
0.427240 -0.176976 3.090505 -5.091536 0.000000 -1.000000 
0.965608 -1.085129 2.186213 -3.799957 0.000000 -1.000000 
1.284601 -1.689373 0.988049 -2.279026 0.000000 -1.000000 
1.358164 -2.009272 -0.252410 -0.929419 1.000000 -1.000000 
1.179882 -2.034782 -1.508951 0.700254 2.000000 -1.000000 
0.761575 -1.690907 -2.625368 2.788646 2.000000 -1.000000 
0.151642 -0.900993 -3.416254 5.099110 2.000000 -1.000000 
-0.558582 0.261623 -3.472174 6.034264 2.000000 -1.000000 
-1.149029 1.316105 -2.335254 4.350130 2.000000 -1.000000 
-1.484252 2.019151 -1.014096 2.750718 2.000000 -1.000000 
-1.555256 2.433148 0.298358 1.399601 0.000000 -1.000000 
-1.356862 2.534251 1.665153 -0.409438 0.000000 -1.000000 
-0.902606 2.256913 2.820465 -2.405536 0.000000 -1.000000 
-0.260591 1.552476 3.525123 -4.684705 0.000000 -1.000000 
0.483640 0.386561 3.813971 -6.745644 0.000000 -1.000000 
1.170480 -0.915523 2.840462 -5.795963 0.000000 -1.000000 
1.585834 -1.885820 1.309447 -3.987725 0.000000 -1.000000 
1.698775 -2.539752 -0.160295 -2.579678 0.000000 -1.000000 
1.531967 -2.917201 -1.482649 -1.186891 1.000000 -1.000000 
1.109066 -2.995358 -2.714435 0.388146 1.000000 -1.000000 
0.470305 -2.774732 -3.568242 1.774944 2.000000 -1.000000 
-0.263228 -2.286513 -3.602902 3.040518 2.000000 -1.000000 
-0.916095 -1.595834 -2.850736 3.754387 2.000000 -1.000000 
-1.392226 -0.830513 -1.902356 3.799980 2.000000 -1.000000 
-1.673389 -0.106841 -0.892768 3.382448 2.000000 -1.000000 
-1.738562 0.505582 0.280075 2.691315 2.000000 -1.000000 
-1.541493 0.937943 1.738601 1.516297 0.000000 -1.000000 
-1.014341 0.998229 3.493232 -1.032378 0.000000 -1.000000 
-0.183104 0.503891 4.660453 -3.769317 0.000000 -1.000000 
0.757900 -0.342281 4.501753 -4.148612 0.000000 -1.000000 
1.545047 -0.998708 3.301531 -2.344809 0.000000 -1.000000 
2.080209 -1.322611 2.087015 -1.048682 0.000000 -1.000000 
2.399362 -1.475364 1.153466 -0.594130 2.000000 -1.000000 
2.538623 -1.542192 0.265185 -0.127336 2.000000 -1.000000 
2.509317 -1.534030 -0.563717 0.219878 2.000000 -1.000000 
2.304581 -1.437115 -1.519074 0.827471 2.000000 -1.000000 
1.883254 -1.156925 -2.746303 2.129415 2.000000 -1.000000 
1.187245 -0.517304 -4.228110 4.358493 2.000000 -1.000000 
0.227337 0.504374 -5.149066 5.272982 2.000000 -1.000000 
-0.768326 1.334036 -4.607160 2.722526 2.000000 -1.000000 
-1.555454 1.586005 -3.165886 -0.076351 0.000000 -1.000000 
-1.998531 1.324661 -1.266935 -2.369181 0.000000 -1.000000 
-2.076794 0.687284 0.436453 -3.940360 0.000000 -1.000000 
-1.843872 -0.239667 1.832171 -5.268219 0.000000 -1.000000 
-1.371933 -1.368032 2.844281 -5.877062 0.000000 -1.000000 
-0.703648 -2.558775 3.841961 -6.029919 0.000000 -1.000000 
0.123921 2.464401 4.251428 -6.765434 0.000000 -1.000000 
0.958082 0.935544 4.126944 -8.642653 0.000000 -1.000000 
1.714775 -0.827681 3.102484 -8.269211 0.000000 -1.000000 
2.112325 -2.255416 0.889211 -6.175525 0.000000 -1.000000 
2.124686 2.926409 -0.524765 -4.937420 0.000000 0.000000 
0.048243 0.047683 0.012511 -0.072033 1.000000 -1.000000 
0.045570 0.033391 -0.039084 -0.068912 2.000000 -1.000000 
0.019813 0.054872 -0.212349 0.275547 2.000000 -1.000000 
-0.035177 0.137061 -0.323590 0.523112 1.000000 -1.000000 
-0.089780 0.218602 -0.209256 0.270774 0.000000 -1.000000 
-0.101679 0.205193 0.092041 -0.403831 0.000000 -1.000000 
-0.055183 0.063210 0.359183 -0.984815 0.000000 -1.000000 
0.033486 -0.170309 0.500936 -1.293884 0.000000 -1.000000 
0.133085 -0.428911 0.466601 -1.232558 0.000000 -1.000000 
0.209852 -0.641972 0.282275 -0.858340 0.000000 -1.000000 
0.240742 -0.760759 0.020541 -0.313490 2.000000 -1.000000 
0.194329 -0.702626 -0.475799 0.884978 2.000000 -1.000000 
0.057031 -0.416619 -0.869761 1.926693 2.000000 -1.000000 
-0.136670 0.035409 -1.011118 2.479880 2.000000 -1.000000 
-0.321055 0.521222 -0.774917 2.258965 2.000000 -1.000000 
-0.428804 0.902371 -0.278593 1.499031 2.000000 -1.000000 
-0.428991 1.109412 0.271738 0.561171 0.000000 -1.000000 
-0.305762 1.070908 0.933563 -0.932870 0.000000 -1.000000 
-0.068552 0.745099 1.399969 -2.283422 0.000000 -1.000000 
0.233599 0.189289 1.551155 -3.142713 0.000000 -1.000000 
0.515462 -0.439130 1.180535 -2.967252 0.000000 -1.000000 
0.678224 -0.944654 0.410023 -2.017327 0.000000 -1.000000 
0.673875 -1.232392 -0.447656 -0.845797 0.000000 -1.000000 
0.507729 -1.281008 -1.178393 0.354207 2.000000 -1.000000 
0.201935 -1.042400 -1.823791 2.002166 2.000000 -1.000000 
-0.196802 -0.503709 -2.090524 3.274207 2.000000 -1.000000 
-0.595850 0.194185 -1.792905 3.488030 2.000000 -1.000000 
-0.874227 0.813928 -0.927931 2.598612 2.000000 -1.000000 
-0.953565 1.213344 0.144964 1.373080 1.000000 -1.000000 
-0.809502 1.329654 1.268236 -0.222455 0.000000 -1.000000 
-0.454039 1.092665 2.229252 -2.145626 0.000000 -1.000000 
0.053929 0.487327 2.759001 -3.783081 0.000000 -1.000000 
0.597249 -0.320517 2.527059 -3.991079 0.000000 -1.000000 
1.014640 -1.011467 1.578337 -2.818355 0.000000 -1.000000 
1.215662 -1.442469 0.418199 -1.502557 0.000000 -1.000000 
1.180322 -1.614063 -0.766244 -0.201225 2.000000 -1.000000 
0.899148 -1.462645 -2.013027 1.754886 2.000000 -1.000000 
0.392593 -0.896012 -2.996699 3.911888 2.000000 -1.000000 
-0.261731 0.050550 -3.380183 5.205322 2.000000 -1.000000 
-0.876495 1.002410 -2.629823 4.043929 2.000000 -1.000000 
-1.289578 1.646123 -1.478534 2.433961 2.000000 -1.000000 
-1.463451 1.996045 -0.254805 1.095029 0.000000 -1.000000 
-1.377179 2.042445 1.108210 -0.647608 0.000000 -1.000000 
-1.026790 1.720061 2.370330 -2.641300 0.000000 -1.000000 
-0.441884 0.954527 3.440464 -5.057334 0.000000 -1.000000 
0.309799 -0.239770 3.851691 -6.370039 0.000000 -1.000000 
0.996400 -1.356813 2.893071 -4.576633 0.000000 -1.000000 
1.455402 -2.087330 1.687469 -2.821069 0.000000 -1.000000 
1.669337 -2.513185 0.451617 -1.473928 0.000000 -1.000000 
1.637202 -2.680874 -0.769688 -0.194979 2.000000 -1.000000 
1.351378 -2.543187 -2.073787 1.605577 2.000000 -1.000000 
0.821250 -2.017686 -3.173472 3.726191 2.000000 -1.000000 
0.104407 -1.015935 -3.956799 6.339999 2.000000 -1.000000 
-0.713540 0.416564 -3.938558 7.294046 2.000000 -1.000000 
-1.365019 1.662247 -2.511177 5.095771 2.000000 -1.000000 
-1.723430 2.509153 -1.094488 3.478716 2.000000 -1.000000 
-1.813822 3.073254 0.160179 2.175248 2.000000 -1.000000 
-1.667608 -2.904286 1.295476 0.883490 0.000000 -1.000000 
-1.281965 -2.889795 2.562340 -0.705228 0.000000 -1.000000 
-0.652772 3.115858 3.655052 -2.017391 0.000000 -1.000000 
0.124664 2.603958 3.940198 -3.062608 0.000000 -1.000000 
0.852606 1.914410 3.225228 -3.743463 0.000000 -1.000000 
1.395627 1.150181 2.198986 -3.796498 0.000000 -1.000000 
1.734117 0.427222 1.187742 -3.385213 0.000000 -1.000000 
1.868534 -0.195247 0.139733 -2.825036 0.000000 -1.000000 
1.776716 -0.689283 -1.107551 -2.041121 0.000000 -1.000000 
1.404000 -0.964066 -2.654071 -0.556876 2.000000 -1.000000 
0.699981 -0.794583 -4.297114 2.312664 2.000000 -1.000000 
-0.250690 -0.086680 -4.973916 4.342780 2.000000 -1.000000 
-1.180995 0.701634 -4.139054 3.152292 2.000000 -1.000000 
-1.876767 1.141501 -2.822323 1.359326 0.000000 -1.000000 
-2.304953 1.257378 -1.512934 -0.036039 0.000000 -1.000000 
-2.502668 1.176313 -0.508056 -0.689650 0.000000 -1.000000 
-2.519482 0.999409 0.327413 -1.067618 0.000000 -1.000000 
-2.369185 0.740408 1.199514 -1.576301 0.000000 -1.000000 
-2.023594 0.336327 2.307127 -2.558918 0.000000 -1.000000 
-1.429147 -0.305927 3.640843 -3.791824 0.000000 -1.000000 
-0.591424 -1.077004 4.614655 -3.540050 0.000000 -1.000000 
0.345739 -1.571655 4.520752 -1.139683 0.000000 -1.000000 
1.110954 -1.480429 2.919017 2.044983 2.000000 -1.000000 
1.440942 -0.735663 0.379577 5.265897 2.000000 -1.000000 
1.330599 0.519141 -1.183866 6.849806 2.000000 -1.000000 
1.072092 1.862716 -1.324342 6.562926 2.000000 -1.000000 
0.778296 -3.072098 -1.773268 7.164958 2.000000 -1.000000 
0.274967 -1.423983 -3.460738 9.791863 2.000000 -1.000000 
-0.558851 0.834678 -4.054658 11.351601 2.000000 -1.000000 
-1.096191 2.724002 -1.464947 7.975673 2.000000 -1.000000 
-1.296507 -2.073050 -0.911997 7.256566 2.000000 -1.000000 
-1.536119 -0.523465 -1.420468 8.343867 2.000000 -1.000000 
-1.692551 1.060205 0.373767 6.805575 2.000000 -1.000000 
-1.278267 2.073667 3.722814 3.228659 0.000000 -1.000000 
-0.293490 2.316642 5.762815 -0.679786 0.000000 -1.000000 
0.877656 1.875265 5.644258 -3.496400 0.000000 0.000000 
-0.040386 0.097786 -0.051128 0.070492 2.000000 -1.000000 
-0.056638 0.131519 -0.106918 0.258269 2.000000 -1.000000 
-0.080722 0.196119 -0.126947 0.372753 2.000000 -1.000000 
-0.104362 0.273822 -0.102308 0.387513 2.000000 -1.000000 
-0.119012 0.344577 -0.039323 0.306366 0.000000 -1.000000 
-0.093025 0.324955 0.293102 -0.495302 0.000000 -1.000000 
-0.007226 0.155549 0.543359 -1.159044 0.000000 -1.000000 
0.112606 -0.115965 0.620953 -1.488012 0.000000 -1.000000 
0.226339 -0.409501 0.483502 -1.379024 0.000000 -1.000000 
0.294940 -0.644058 0.184831 -0.925430 0.000000 -1.000000 
0.296502 -0.768698 -0.169336 -0.308140 2.000000 -1.000000 
0.206776 -0.704518 -0.709600 0.934412 2.000000 -1.000000 
0.023380 -0.407807 -1.086996 1.974877 2.000000 -1.000000 
-0.207342 0.048442 -1.157169 2.465865 2.000000 -1.000000 
-0.411540 0.523337 -0.826088 2.167078 2.000000 -1.000000 
-0.520160 0.880978 -0.236828 1.360331 2.000000 -1.000000 
-0.503103 1.056932 0.400943 0.389472 0.000000 -1.000000 
-0.345970 0.979583 1.139360 -1.149134 0.000000 -1.000000 
-0.063134 0.608575 1.639163 -2.501865 0.000000 -1.000000 
0.282318 0.023275 1.727428 -3.184762 0.000000 -1.000000 
0.587452 -0.585969 1.240686 -2.748841 0.000000 -1.000000 
0.755284 -1.035748 0.408472 -1.702240 0.000000 -1.000000 
0.746766 -1.258496 -0.487637 -0.515324 1.000000 -1.000000 
0.558574 -1.212594 -1.359325 0.972045 2.000000 -1.000000 
0.211107 -0.846199 -2.060399 2.656370 2.000000 -1.000000 
-0.236555 -0.187064 -2.316126 3.754142 2.000000 -1.000000 
-0.663644 0.551672 -1.838697 3.404922 2.000000 -1.000000 
-0.939218 1.118707 -0.875809 2.215440 1.000000 -1.000000 
-0.997160 1.406914 0.294097 0.669506 0.000000 -1.000000 
-0.818025 1.357692 1.470251 -1.177917 0.000000 -1.000000 
-0.424055 0.927911 2.420862 -3.116490 0.000000 -1.000000 
0.120984 0.142148 2.907975 -4.516425 0.000000 -1.000000 
0.670377 -0.734280 2.437792 -3.948633 0.000000 -1.000000 
1.059732 -1.379550 1.415353 -2.486201 0.000000 -1.000000 
1.228723 -1.738027 0.265776 -1.119136 2.000000 -1.000000 
1.150175 -1.782689 -1.038605 0.683528 2.000000 -1.000000 
0.821749 -1.451390 -2.216717 2.676546 2.000000 -1.000000 
0.278156 -0.695214 -3.162167 4.852290 2.000000 -1.000000 
-0.390135 0.388175 -3.309067 5.511750 2.000000 -1.000000 
-0.966832 1.340556 -2.368251 3.876433 2.000000 -1.000000 
-1.324932 1.949847 -1.198128 2.274573 2.000000 -1.000000 
-1.442708 2.267357 0.022819 0.918654 0.000000 -1.000000 
-1.304301 2.274533 1.346758 -0.865832 0.000000 -1.000000 
-0.914110 1.905867 2.517623 -2.877665 0.000000 -1.000000 
-0.314769 1.095116 3.436668 -5.279306 0.000000 -1.000000 
0.427088 -0.156214 3.764593 -6.733889 0.000000 -1.000000 
1.082084 -1.349018 2.654364 -4.949172 0.000000 -1.000000 
1.479830 -2.155745 1.323813 -3.212111 1.000000 -1.000000 
1.607214 -2.637499 -0.037970 -1.632491 0.000000 -1.000000 
1.475214 -2.829070 -1.272328 -0.273452 2.000000 -1.000000 
1.092689 -2.702908 -2.518006 1.549172 2.000000 -1.000000 
0.495317 -2.200846 -3.356107 3.502558 2.000000 -1.000000 
-0.208156 -1.290324 -3.615144 5.606791 2.000000 -1.000000 
-0.926554 -0.006824 -3.410991 6.822890 2.000000 -1.000000 
-1.478757 1.224333 -1.979660 5.255104 2.000000 -1.000000 
-1.706516 2.107742 -0.301907 3.641402 2.000000 -1.000000 
-1.607962 2.689423 1.249952 2.169785 1.000000 -1.000000 
-1.217978 2.953846 2.604686 0.488849 0.000000 -1.000000 
-0.583212 2.880660 3.650556 -1.161500 0.000000 -1.000000 
0.185392 2.517357 3.863321 -2.389243 0.000000 -1.000000 
0.894793 1.966011 3.114650 -2.999886 0.000000 -1.000000 
1.407855 1.370192 1.998721 -2.842162 0.000000 -1.000000 
1.694802 0.862302 0.877659 -2.191812 0.000000 -1.000000 
1.762115 0.497280 -0.197712 -1.472051 0.000000 -1.000000 
1.617297 0.263882 -1.249004 -0.886551 0.000000 -1.000000 
1.263542 0.133955 -2.277166 -0.434862 2.000000 -1.000000 
0.692331 0.144876 -3.362344 0.461388 2.000000 -1.000000 
-0.031821 0.259888 -3.722392 0.515153 2.000000 -1.000000 
-0.729202 0.284143 -3.123671 -0.349671 2.000000 -1.000000 
-1.248626 0.117266 -2.043110 -1.267830 0.000000 -1.000000 
-1.521589 -0.267275 -0.711482 -2.522568 0.000000 -1.000000 
-1.546581 -0.876199 0.430315 -3.542318 0.000000 -1.000000 
-1.359775 -1.675642 1.424441 -4.435149 0.000000 -1.000000 
-0.976103 -2.647077 2.419108 -5.297856 0.000000 -1.000000 
-0.400347 2.460091 3.288291 -6.618892 0.000000 -1.000000 
0.335422 0.890342 4.106444 -9.285487 0.000000 -1.000000 
1.123430 -1.014252 3.274911 -8.765801 0.000000 -1.000000 
1.544116 -2.481120 1.002304 -6.153979 1.000000 -1.000000 
1.586415 2.746707 -0.372245 -4.540463 0.000000 -1.000000 
1.457903 1.915887 -0.836274 -3.904116 0.000000 -1.000000 
1.272380 1.123095 -0.977525 -4.179783 0.000000 -1.000000 
1.070949 0.205297 -1.128793 -4.896965 0.000000 -1.000000 
0.729241 -0.682922 -2.496346 -3.545631 0.000000 -1.000000 
0.049379 -1.092887 -4.148789 -0.517584 2.000000 -1.000000 
-0.842013 -0.895630 -4.495191 2.178639 2.000000 -1.000000 
-1.670635 -0.363594 -3.689931 2.839738 0.000000 0.000000 
0.085706 -0.034263 -0.084107 0.014780 2.000000 -1.000000 
0.045312 0.013741 -0.309863 0.450213 2.000000 -1.000000 
-0.031998 0.135582 -0.443407 0.734343 2.000000 -1.000000 
-0.122775 0.291317 -0.441091 0.782073 2.000000 -1.000000 
-0.199300 0.432315 -0.305320 0.594651 0.000000 -1.000000 
-0.213580 0.452629 0.164997 -0.394810 0.000000 -1.000000 
-0.136058 0.279754 0.592021 -1.299485 0.000000 -1.000000 
0.011163 -0.043896 0.839077 -1.856002 0.000000 -1.000000 
0.179602 -0.422916 0.796756 -1.837716 0.000000 -1.000000 
0.312385 -0.744898 0.499992 -1.322404 2.000000 -1.000000 
0.348648 -0.875661 -0.139469 0.022294 2.000000 -1.000000 
0.258971 -0.737158 -0.742706 1.346934 2.000000 -1.000000 
0.061597 -0.351013 -1.190157 2.444151 2.000000 -1.000000 
-0.192201 0.193005 -1.270968 2.842807 2.000000 -1.000000 
-0.414507 0.721858 -0.891201 2.327657 2.000000 -1.000000 
-0.532551 1.094487 -0.270751 1.363385 2.000000 -1.000000 
-0.521184 1.261166 0.376039 0.300300 0.000000 -1.000000 
-0.369874 1.161684 1.108898 -1.285083 0.000000 -1.000000 
-0.091150 0.754461 1.636757 -2.743907 0.000000 -1.000000 
0.260722 0.102459 1.794354 -3.607029 0.000000 -1.000000 
0.581708 -0.597750 1.317832 -3.202390 0.000000 -1.000000 
0.760673 -1.129659 0.440370 -2.065323 1.000000 -1.000000 
0.745087 -1.389829 -0.581250 -0.536405 0.000000 -1.000000 
0.548579 -1.370230 -1.345457 0.727700 2.000000 -1.000000 
0.207625 -1.050625 -2.008300 2.441606 2.000000 -1.000000 
-0.229071 -0.419360 -2.277001 3.735852 2.000000 -1.000000 
-0.657558 0.352509 -1.886293 3.733820 2.000000 -1.000000 
-0.943257 0.997680 -0.915628 2.631492 2.000000 -1.000000 
-1.013743 1.393809 0.215672 1.318609 2.000000 -1.000000 
-0.861096 1.519789 1.284282 -0.074630 0.000000 -1.000000 
-0.500207 1.307257 2.264211 -2.056940 0.000000 -1.000000 
0.016724 0.704619 2.824924 -3.884699 0.000000 -1.000000 
0.583731 -0.162521 2.694983 -4.467214 0.000000 -1.000000 
1.035387 -0.958733 1.734626 -3.345653 0.000000 -1.000000 
1.261907 -1.489333 0.515675 -1.972455 0.000000 -1.000000 
1.239933 -1.750492 -0.730183 -0.627827 1.000000 -1.000000 
0.969234 -1.705992 -1.940621 1.108437 2.000000 -1.000000 
0.476350 -1.267203 -2.926384 3.306333 2.000000 -1.000000 
-0.172210 -0.395555 -3.449006 5.221004 2.000000 -1.000000 
-0.828032 0.653098 -2.920735 4.846758 2.000000 -1.000000 
-1.294977 1.459464 -1.712686 3.213125 2.000000 -1.000000 
-1.509015 1.959642 -0.424014 1.828036 0.000000 -1.000000 
-1.450948 2.151723 0.992598 0.082521 0.000000 -1.000000 
-1.119559 1.978341 2.290131 -1.871760 0.000000 -1.000000 
-0.553145 1.375094 3.324530 -4.229469 0.000000 -1.000000 
0.187174 0.285330 3.951996 -6.414914 0.000000 -1.000000 
0.926241 -0.949392 3.222719 -5.442191 0.000000 -1.000000 
1.442353 -1.841211 1.928479 -3.554697 0.000000 -1.000000 
1.698283 -2.407600 0.635056 -2.163149 1.000000 -1.000000 
1.693063 -2.693698 -0.678430 -0.693783 1.000000 -1.000000 
1.429516 -2.677520 -1.946671 0.883547 2.000000 -1.000000 
0.919342 -2.305123 -3.097686 2.894836 2.000000 -1.000000 
0.223155 -1.492466 -3.795515 5.298333 2.000000 -1.000000 
-0.576979 -0.193067 -4.062825 7.345251 2.000000 -1.000000 
-1.287492 1.165819 -2.847684 5.822476 2.000000 -1.000000 
-1.701070 2.139313 -1.303922 4.032906 2.000000 -1.000000 
-1.818873 2.809464 0.091854 2.695440 2.000000 -1.000000 
-1.677866 -3.065333 1.295273 1.387167 0.000000 -1.000000 
-1.292244 -2.953724 2.556364 -0.240573 0.000000 -1.000000 
-0.665209 -3.141526 3.645394 -1.573037 0.000000 -1.000000 
0.114461 2.725731 3.979403 -2.523916 0.000000 -1.000000 
0.853905 2.162078 3.280759 -3.013679 0.000000 -1.000000 
1.397730 1.567314 2.135188 -2.820525 0.000000 0.000000 
-0.032835 -0.098909 -0.019839 -0.046715 0.000000 -1.000000 
-0.021290 -0.135134 0.131582 -0.307068 0.000000 -1.000000 
0.016846 -0.215758 0.239339 -0.479008 0.000000 -1.000000 
0.069284 -0.317015 0.271372 -0.508337 0.000000 -1.000000 
0.119750 -0.408889 0.220790 -0.388330 2.000000 -1.000000 
0.127723 -0.398560 -0.142294 0.490786 2.000000 -1.000000 
0.065453 -0.219147 -0.464312 1.267809 2.000000 -1.000000 
-0.047584 0.086148 -0.631765 1.711752 2.000000 -1.000000 
-0.171097 0.431113 -0.565419 1.656543 2.000000 -1.000000 
-0.260494 0.720277 -0.306228 1.184855 2.000000 -1.000000 
-0.288183 0.891539 0.033305 0.510265 0.000000 -1.000000 
-0.226120 0.862069 0.573951 -0.795502 0.000000 -1.000000 
-0.066358 0.581555 0.995893 -1.969125 0.000000 -1.000000 
0.155722 0.103609 1.167272 -2.697315 0.000000 -1.000000 
0.371274 -0.437935 0.918732 -2.575746 0.000000 -1.000000 
0.500556 -0.880866 0.342342 -1.785895 0.000000 -1.000000 
0.503145 -1.137859 -0.311851 -0.770065 1.000000 -1.000000 
0.372896 -1.160646 -0.959787 0.530107 2.000000 -1.000000 
0.124187 -0.905716 -1.484161 1.985419 2.000000 -1.000000 
-0.200407 -0.391083 -1.697849 3.053647 2.000000 -1.000000 
-0.520764 0.249461 -1.413108 3.165567 2.000000 -1.000000 
-0.731838 0.809137 -0.644429 2.331647 2.000000 -1.000000 
-0.767584 1.161270 0.291190 1.165291 2.000000 -1.000000 
-0.620651 1.269820 1.148360 -0.084140 0.000000 -1.000000 
-0.306871 1.075087 1.931023 -1.842402 0.000000 -1.000000 
0.124822 0.553010 2.307429 -3.272200 0.000000 -1.000000 
0.575044 -0.158657 2.078029 -3.609163 0.000000 -1.000000 
0.911848 -0.803814 1.219066 -2.720101 0.000000 -1.000000 
1.047179 -1.226788 0.118747 -1.493000 0.000000 -1.000000 
0.958952 -1.395805 -0.987709 -0.179415 2.000000 -1.000000 
0.645467 -1.237392 -2.099646 1.781478 2.000000 -1.000000 
0.143340 -0.684007 -2.844609 3.685294 2.000000 -1.000000 
-0.445966 0.157934 -2.891980 4.409781 2.000000 -1.000000 
-0.949507 0.946790 -2.045014 3.307614 2.000000 -1.000000 
-1.245221 1.466594 -0.892437 1.909498 2.000000 -1.000000 
-1.302956 1.719090 0.316485 0.619174 0.000000 -1.000000 
-1.105485 1.660237 1.637424 -1.242889 0.000000 -1.000000 
-0.660378 1.201052 2.774411 -3.398496 0.000000 -1.000000 
-0.018337 0.303213 3.533347 -5.386365 0.000000 -1.000000 
0.669945 -0.769012 3.147138 -4.889769 0.000000 -1.000000 
1.193874 -1.569458 2.052302 -3.119984 0.000000 -1.000000 
1.484303 -2.042615 0.842949 -1.666017 1.000000 -1.000000 
1.522517 -2.226268 -0.458446 -0.176586 2.000000 -1.000000 
1.296818 -2.084701 -1.783898 1.633931 2.000000 -1.000000 
0.818849 -1.546264 -2.965222 3.836826 2.000000 -1.000000 
0.124233 -0.520985 -3.906192 6.322425 2.000000 -1.000000 
-0.655245 0.779804 -3.622150 6.062211 2.000000 -1.000000 
-1.263604 1.780912 -2.431165 3.983175 2.000000 -1.000000 
-1.625591 2.415351 -1.186811 2.440612 2.000000 -1.000000 
-1.739586 2.773723 0.040682 1.155294 0.000000 -1.000000 
-1.599413 2.836016 1.357625 -0.546971 0.000000 -1.000000 
-1.199575 2.545043 2.614427 -2.404245 0.000000 -1.000000 
-0.575512 1.848243 3.559696 -4.654595 0.000000 -1.000000 
0.204599 0.648486 4.185082 -7.273820 0.000000 -1.000000 
1.005422 -0.832537 3.526888 -6.834958 0.000000 -1.000000 
1.555851 -1.974882 1.978968 -4.696909 0.000000 -1.000000 
1.807204 -2.762536 0.569094 -3.247863 0.000000 -1.000000 
1.799383 3.000222 -0.614299 -1.960523 2.000000 -1.000000 
1.554562 2.774071 -1.839720 -0.317417 2.000000 -1.000000 
1.060778 2.858313 -3.084198 1.098914 2.000000 -1.000000 
0.344189 -3.098442 -3.965554 2.092420 2.000000 -1.000000 
-0.456559 -2.613508 -3.858472 2.691187 2.000000 -1.000000 
-1.137695 -2.057011 -2.864692 2.764704 2.000000 0.000000 
0.020569 0.011424 0.066137 0.044235 0.000000 -1.000000 
0.044282 -0.013192 0.165246 -0.282153 1.000000 -1.000000 
0.069985 -0.061159 0.085202 -0.185502 2.000000 -1.000000 
0.063223 -0.049446 -0.150773 0.299005 2.000000 -1.000000 
0.012851 0.052494 -0.339243 0.694414 2.000000 -1.000000 
-0.065026 0.214089 -0.418239 0.880628 2.000000 -1.000000 
-0.145212 0.386990 -0.362411 0.807492 2.000000 -1.000000 
-0.202335 0.522328 -0.194728 0.518202 2.000000 -1.000000 
-0.219187 0.586220 0.030151 0.110515 0.000000 -1.000000 
-0.165880 0.500897 0.491962 -0.947782 0.000000 -1.000000 
-0.030640 0.221069 0.828210 -1.790671 0.000000 -1.000000 
0.147342 -0.180118 0.899046 -2.115715 0.000000 -1.000000 
0.306868 -0.580672 0.651389 -1.799379 0.000000 -1.000000 
0.394556 -0.872984 0.207592 -1.084108 0.000000 -1.000000 
0.387306 -1.005627 -0.275718 -0.235264 2.000000 -1.000000 
0.267729 -0.909683 -0.897588 1.179999 2.000000 -1.000000 
0.040181 -0.545115 -1.337413 2.408663 2.000000 -1.000000 
-0.243740 0.012505 -1.424690 3.017229 2.000000 -1.000000 
-0.494063 0.590702 -1.004764 2.619710 2.000000 -1.000000 
-0.624833 1.021401 -0.278082 1.638860 2.000000 -1.000000 
-0.602797 1.237289 0.488619 0.512352 0.000000 -1.000000 
-0.419163 1.172052 1.310446 -1.154619 0.000000 -1.000000 
-0.096485 0.783525 1.864433 -2.683319 0.000000 -1.000000 
0.299170 0.139200 1.999411 -3.585590 0.000000 -1.000000 
0.657117 -0.558057 1.479575 -3.190485 0.000000 -1.000000 
0.862727 -1.087662 0.541822 -2.054595 0.000000 -1.000000 
0.868749 -1.372187 -0.477062 -0.780277 1.000000 -1.000000 
0.670723 -1.369822 -1.466093 0.809351 2.000000 -1.000000 
0.292648 -1.021606 -2.256323 2.654191 2.000000 -1.000000 
-0.203147 -0.335743 -2.603838 4.038512 2.000000 -1.000000 
-0.693860 0.481686 -2.166949 3.856287 2.000000 -1.000000 
-1.029662 1.133686 -1.141836 2.603779 2.000000 -1.000000 
-1.141918 1.521213 0.025621 1.273962 0.000000 -1.000000 
-1.004839 1.591102 1.321024 -0.591533 0.000000 -1.000000 
-0.627800 1.272259 2.403851 -2.626551 0.000000 -1.000000 
-0.066161 0.540503 3.128670 -4.586847 0.000000 -1.000000 
0.563561 -0.441154 2.980657 -4.820027 0.000000 -1.000000 
1.064953 -1.263658 1.964127 -3.317328 0.000000 -1.000000 
1.338652 -1.777252 0.761462 -1.858720 0.000000 -1.000000 
1.367630 -2.016773 -0.470027 -0.537707 2.000000 -1.000000 
1.140476 -1.940618 -1.776989 1.335708 2.000000 -1.000000 
0.671481 -1.461075 -2.869380 3.520069 2.000000 -1.000000 
0.012445 -0.519651 -3.636628 5.776761 2.000000 -1.000000 
-0.704628 0.673599 -3.299951 5.620010 2.000000 -1.000000 
-1.248169 1.610533 -2.095927 3.748214 2.000000 -1.000000 
-1.539761 2.204278 -0.817582 2.250974 2.000000 -1.000000 
-1.575766 2.522580 0.452663 0.934444 0.000000 -1.000000 
-1.349882 2.531965 1.788350 -0.865852 0.000000 -1.000000 
-0.873717 2.161118 2.917216 -2.895625 0.000000 -1.000000 
-0.211634 1.348038 3.646591 -5.290996 0.000000 -1.000000 
0.560326 0.067550 3.901456 -7.103224 0.000000 -1.000000 
1.235821 -1.224937 2.685091 -5.475867 0.000000 -1.000000 
1.622555 -2.134202 1.192720 -3.722741 0.000000 -1.000000 
1.719872 -2.739925 -0.195181 -2.355845 0.000000 -1.000000 
1.554361 -3.076121 -1.441530 -1.003174 0.000000 -1.000000 
1.148624 3.138687 -2.594989 0.292842 2.000000 -1.000000 
0.523667 -2.937339 -3.562292 1.725179 2.000000 -1.000000 
-0.218129 -2.476450 -3.686475 2.821785 2.000000 -1.000000 
-0.888911 -1.842400 -2.924988 3.412234 2.000000 -1.000000 
-1.371394 -1.157035 -1.890944 3.343626 2.000000 -1.000000 
-1.645916 -0.532349 -0.856244 2.867079 2.000000 -1.000000 
-1.713177 -0.014822 0.193335 2.301904 2.000000 -1.000000 
-1.559827 0.378813 1.373210 1.576857 0.000000 -1.000000 
-1.126619 0.513786 2.955053 -0.307632 0.000000 -1.000000 
-0.399363 0.243401 4.191079 -2.279348 0.000000 -1.000000 
0.469827 -0.277787 4.274754 -2.549781 0.000000 -1.000000 
1.230996 -0.648644 3.220008 -1.046125 0.000000 -1.000000 
1.739424 -0.709554 1.869753 0.333771 2.000000 -1.000000 
1.965404 -0.494150 0.418909 1.746086 2.000000 -1.000000 
1.915386 -0.022883 -0.909289 2.968986 1.000000 -1.000000 
1.616776 0.659452 -2.071543 3.820072 2.000000 -1.000000 
1.079370 1.497276 -3.285599 4.401052 2.000000 -1.000000 
0.312734 2.353440 -4.305632 4.019984 2.000000 -1.000000 
-0.577936 3.077636 -4.386629 3.221396 2.000000 -1.000000 
-1.364213 -2.635776 -3.365328 2.469185 2.000000 -1.000000 
-1.912269 -2.232049 -2.135489 1.523863 2.000000 0.000000 
-0.098015 0.080222 0.075009 0.068169 0.000000 -1.000000 
-0.056943 0.042350 0.325925 -0.433587 0.000000 -1.000000 
0.025939 -0.083128 0.481849 -0.785899 0.000000 -1.000000 
0.125733 -0.254556 0.490292 -0.882789 0.000000 -1.000000 
0.211770 -0.417901 0.348543 -0.711943 0.000000 -1.000000 
0.258094 -0.526477 0.103673 -0.352504 0.000000 -1.000000 
0.251052 -0.553813 -0.172786 0.081449 2.000000 -1.000000 
0.166774 -0.431019 -0.652318 1.121501 2.000000 -1.000000 
0.001675 -0.124116 -0.957752 1.873762 2.000000 -1.000000 
-0.195142 0.278266 -0.954160 2.040882 2.000000 -1.000000 
-0.358152 0.650080 -0.634653 1.598615 2.000000 -1.000000 
-0.437367 0.895865 -0.142921 0.828891 1.000000 -1.000000 
-0.402825 0.946016 0.478963 -0.325862 0.000000 -1.000000 
-0.241629 0.739643 1.106085 -1.713069 0.000000 -1.000000 
0.023835 0.281600 1.490975 -2.769633 0.000000 -1.000000 
0.322494 -0.306807 1.406839 -2.939635 0.000000 -1.000000 
0.553526 -0.830681 0.848509 -2.199559 0.000000 -1.000000 
0.649016 -1.165341 0.094652 -1.124644 0.000000 -1.000000 
0.592263 -1.276916 -0.647339 0.010026 2.000000 -1.000000 
0.380757 -1.108378 -1.432001 1.665095 2.000000 -1.000000 
0.036878 -0.621428 -1.950882 3.136312 2.000000 -1.000000 
-0.366418 0.088289 -1.971665 3.741519 2.000000 -1.000000 
-0.703536 0.778740 -1.312683 3.001899 2.000000 -1.000000 
-0.871043 1.257897 -0.341392 1.764737 2.000000 -1.000000 
-0.838760 1.481276 0.652497 0.462937 0.000000 -1.000000 
-0.602938 1.389356 1.663289 -1.387337 0.000000 -1.000000 
-0.193949 0.926689 2.368797 -3.209186 0.000000 -1.000000 
0.313580 0.146772 2.591151 -4.367060 0.000000 -1.000000 
0.781449 -0.692252 1.960709 -3.770862 0.000000 -1.000000 
1.066985 -1.312672 0.862013 -2.409810 0.000000 -1.000000 
1.121379 -1.658241 -0.317256 -1.046431 1.000000 -1.000000 
0.937462 -1.702889 -1.491234 0.618402 2.000000 -1.000000 
0.534780 -1.376768 -2.479722 2.663991 2.000000 -1.000000 
-0.029152 -0.639681 -3.080090 4.612315 2.000000 -1.000000 
-0.642381 0.357165 -2.871048 4.956899 2.000000 -1.000000 
-1.114991 1.214218 -1.783268 3.512203 2.000000 -1.000000 
-1.345706 1.768196 -0.515544 2.060014 2.000000 -1.000000 
-1.320830 2.043955 0.757098 0.689476 0.000000 -1.000000 
-1.036658 1.990245 2.045725 -1.262329 0.000000 -1.000000 
-0.524637 1.521212 3.011513 -3.470277 0.000000 -1.000000 
0.142221 0.598111 3.573465 -5.642174 0.000000 -1.000000 
0.834385 -0.575868 3.129470 -5.593188 0.000000 -1.000000 
1.334468 -1.519769 1.830093 -3.830795 0.000000 -1.000000 
1.564150 -2.135288 0.467932 -2.373998 1.000000 -1.000000 
1.517509 -2.454847 -0.920639 -0.814389 1.000000 -1.000000 
1.203345 -2.451608 -2.190258 0.877934 2.000000 -1.000000 
0.656927 -2.068765 -3.192170 2.991580 2.000000 -1.000000 
-0.036374 -1.240754 -3.671164 5.293460 2.000000 -1.000000 
-0.781055 -0.003578 -3.606284 6.654367 2.000000 -1.000000 
-1.383867 1.197027 -2.291930 5.102200 2.000000 -1.000000 
-1.687622 2.049969 -0.750550 3.504655 2.000000 -1.000000 
-1.689356 2.613886 0.711019 2.135135 2.000000 -1.000000 
-1.413600 2.898232 2.020601 0.698400 0.000000 -1.000000 
-0.882495 2.855998 3.231734 -1.101253 0.000000 -1.000000 
-0.162890 2.468769 3.813675 -2.736638 0.000000 -1.000000 
0.575590 1.783143 3.446035 -4.036173 0.000000 -1.000000 
1.189495 0.898768 2.669180 -4.681635 0.000000 -1.000000 
1.632452 -0.031305 1.714144 -4.475379 0.000000 -1.000000 
1.852384 -0.847389 0.431680 -3.621629 0.000000 -1.000000 
1.783568 -1.457506 -1.170297 -2.393920 0.000000 -1.000000 
1.372454 -1.757201 -2.927857 -0.463709 2.000000 -1.000000 
0.627503 -1.545186 -4.385673 2.667157 2.000000 -1.000000 
-0.317605 -0.692999 -4.910029 5.652694 2.000000 -1.000000 
-1.253993 0.502665 -4.238903 5.688299 2.000000 -1.000000 
-1.970276 1.457858 -2.945090 3.929648 2.000000 -1.000000 
-2.454740 2.140787 -1.957639 3.045083 0.000000 -1.000000 
-2.761506 2.673656 -1.169882 2.351068 0.000000 -1.000000 
-2.944337 3.093811 -0.710669 1.863745 0.000000 -1.000000 
-3.062990 -2.863970 -0.512787 1.387997 2.000000 -1.000000 
3.109851 -2.596035 -0.620085 1.294265 2.000000 -1.000000 
2.960603 -2.342930 -0.904512 1.255955 2.000000 -1.000000 
2.733659 -2.080852 -1.408300 1.417013 2.000000 -1.000000 
2.377075 -1.745401 -2.217094 2.050886 2.000000 -1.000000 
1.820470 -1.198651 -3.420659 3.617140 2.000000 -1.000000 
0.984251 -0.223677 -4.922207 6.071423 2.000000 -1.000000 
-0.070234 0.995692 -5.357839 5.384652 2.000000 -1.000000 
-1.080222 1.760168 -4.585476 2.200087 0.000000 -1.000000 
-1.834169 1.875536 -2.871314 -0.862329 0.000000 -1.000000 
-2.218783 1.489229 -0.994804 -2.843850 0.000000 -1.000000 
-2.250415 0.779603 0.628128 -4.209518 0.000000 -1.000000 
-1.985595 -0.192760 1.966501 -5.475471 0.000000 -1.000000 
-1.489702 -1.363475 2.953920 -6.097655 0.000000 -1.000000 
-0.797379 -2.603905 3.986071 -6.325609 0.000000 -1.000000 
0.066091 2.336824 4.478863 -7.347827 0.000000 -1.000000 
0.970884 0.632459 4.591566 -9.744221 0.000000 -1.000000 
1.771918 -1.241592 3.044825 -8.233179 0.000000 -1.000000 
2.156403 -2.665945 0.928422 -6.266737 0.000000 -1.000000 
2.236593 2.472862 0.138572 -5.285863 0.000000 0.000000 
-0.061346 -0.062478 0.080452 0.005072 2.000000 -1.000000 
-0.052879 -0.025927 0.003745 0.355209 2.000000 -1.000000 
-0.059022 0.074733 -0.060469 0.632530 2.000000 -1.000000 
-0.074286 0.217228 -0.084044 0.764671 2.000000 -1.000000 
-0.089117 0.368685 -0.056585 0.722161 2.000000 -1.000000 
-0.094357 0.495964 0.007965 0.530938 2.000000 -1.000000 
-0.085310 0.575111 0.081456 0.251868 0.000000 -1.000000 
-0.038365 0.530697 0.377785 -0.683774 0.000000 -1.000000 
0.059558 0.311979 0.579352 -1.460510 0.000000 -1.000000 
0.181294 -0.028300 0.601610 -1.863067 0.000000 -1.000000 
0.283823 -0.396872 0.387743 -1.739233 0.000000 -1.000000 
0.325001 -0.695710 0.009436 -1.201918 0.000000 -1.000000 
0.286427 -0.866046 -0.386319 -0.490453 1.000000 -1.000000 
0.166553 -0.862764 -0.784790 0.505057 2.000000 -1.000000 
-0.025805 -0.645254 -1.101486 1.625624 2.000000 -1.000000 
-0.256366 -0.239542 -1.152331 2.337446 2.000000 -1.000000 
-0.462103 0.241263 -0.844734 2.347604 2.000000 -1.000000 
-0.572860 0.655330 -0.228965 1.717099 2.000000 -1.000000 
-0.547143 0.908387 0.483337 0.788172 0.000000 -1.000000 
-0.365490 0.907683 1.293669 -0.781466 0.000000 -1.000000 
-0.050161 0.608707 1.798272 -2.144116 0.000000 -1.000000 
0.323462 0.094305 1.849815 -2.844252 0.000000 -1.000000 
0.651140 -0.456085 1.345935 -2.509623 0.000000 -1.000000 
0.837887 -0.868947 0.488110 -1.567984 0.000000 -1.000000 
0.840162 -1.072887 -0.465166 -0.456041 2.000000 -1.000000 
0.636631 -0.989109 -1.538378 1.298506 2.000000 -1.000000 
0.243258 -0.558129 -2.329520 2.948379 2.000000 -1.000000 
-0.255597 0.127984 -2.529388 3.665879 2.000000 -1.000000 
-0.712927 0.799376 -1.942952 2.872467 2.000000 -1.000000 
-1.007887 1.246969 -0.974010 1.592025 0.000000 -1.000000 
-1.076625 1.387019 0.287940 -0.179935 0.000000 -1.000000 
-0.894911 1.171465 1.515917 -1.999960 0.000000 -1.000000 
-0.479896 0.577860 2.585568 -3.902757 0.000000 -1.000000 
0.096978 -0.316486 3.015817 -4.692228 0.000000 -1.000000 
0.655900 -1.151097 2.462419 -3.462962 0.000000 -1.000000 
1.057484 -1.684295 1.516555 -1.890491 0.000000 -1.000000 
1.252226 -1.921057 0.415498 -0.503345 2.000000 -1.000000 
1.205697 -1.844897 -0.878974 1.274244 2.000000 -1.000000 
0.903763 -1.397270 -2.128160 3.259730 2.000000 -1.000000 
0.362325 -0.518928 -3.227589 5.467340 2.000000 -1.000000 
-0.318861 0.647524 -3.348808 5.671439 2.000000 -1.000000 
-0.907087 1.603864 -2.467404 3.828321 2.000000 -1.000000 
-1.293817 2.200150 -1.377666 2.196612 2.000000 -1.000000 
-1.451990 2.499687 -0.197035 0.819939 0.000000 -1.000000 
-1.360133 2.489313 1.107719 -0.933375 0.000000 -1.000000 
-1.015724 2.115588 2.306789 -2.852734 0.000000 -1.000000 
-0.452463 1.318503 3.296384 -5.202876 0.000000 -1.000000 
0.283857 0.040060 3.886630 -7.183491 0.000000 -1.000000 
0.978910 -1.271130 2.875130 -5.539121 1.000000 -1.000000 
1.410547 -2.157563 1.451988 -3.447236 0.000000 -1.000000 
1.570181 -2.702192 0.153679 -2.029667 0.000000 -1.000000 
1.476837 -2.972272 -1.075966 -0.670250 2.000000 -1.000000 
1.133078 -2.931600 -2.336507 1.071818 2.000000 -1.000000 
0.564287 -2.545204 -3.254520 2.795327 2.000000 -1.000000 
-0.117156 -1.811170 -3.448730 4.542548 2.000000 -1.000000 
-0.788726 -0.741212 -3.225508 6.045789 2.000000 -1.000000 
-1.362561 0.484524 -2.342900 5.823343 2.000000 -1.000000 
-1.671449 1.494117 -0.691337 4.242794 2.000000 -1.000000 
-1.631399 2.186675 1.086346 2.664997 2.000000 -1.000000 
-1.250286 2.545398 2.666028 0.892851 2.000000 -1.000000 
-0.598322 2.543077 3.735537 -0.884474 0.000000 -1.000000 
0.190852 2.176787 3.971427 -2.685373 0.000000 -1.000000 
0.924914 1.519844 3.270776 -3.732231 0.000000 -1.000000 
1.482326 0.746322 2.289300 -3.867506 0.000000 -1.000000 
1.837453 0.012700 1.254295 -3.414948 0.000000 -1.000000 
1.979446 -0.611845 0.143141 -2.815411 0.000000 -1.000000 
1.878821 -1.096603 -1.202929 -1.944329 0.000000 -1.000000 
1.477992 -1.336562 -2.829430 -0.290799 0.000000 -1.000000 
0.757816 -1.148146 -4.283592 2.273181 2.000000 -1.000000 
-0.197858 -0.382733 -5.072365 5.070936 2.000000 -1.000000 
-1.164916 0.627880 -4.376290 4.479268 2.000000 -1.000000 
-1.912322 1.327234 -3.110518 2.608066 0.000000 -1.000000 
-2.410530 1.691801 -1.935476 1.222086 0.000000 -1.000000 
-2.710356 1.872047 -1.116861 0.685007 0.000000 -1.000000 
-2.874137 1.994331 -0.553621 0.586155 0.000000 -1.000000 
-2.939863 2.117204 -0.114307 0.653215 0.000000 -1.000000 
-2.919879 2.253505 0.322849 0.690464 0.000000 -1.000000 
-2.803674 2.379891 0.865567 0.524682 0.000000 -1.000000 
-2.559752 2.437674 1.617676 -0.029620 0.000000 -1.000000 
-2.136498 2.327013 2.666855 -1.207619 0.000000 -1.000000 
-1.476855 1.890273 3.946577 -3.362900 0.000000 -1.000000 
-0.559523 0.892837 5.212726 -6.746430 0.000000 -1.000000 
0.542572 -0.643397 5.452258 -7.605060 0.000000 -1.000000 
1.518204 -1.858897 4.281849 -4.579607 0.000000 -1.000000 
2.267221 -2.574657 3.251722 -2.814210 1.000000 -1.000000 
2.840878 -3.038757 2.580663 -1.975168 1.000000 -1.000000 
-2.942496 2.870542 2.527414 -1.879421 0.000000 -1.000000 
-2.383728 2.424004 3.160135 -2.741589 0.000000 -1.000000 
-1.644519 1.693754 4.306701 -4.832026 0.000000 -1.000000 
-0.631615 0.373662 5.805023 -8.313125 0.000000 -1.000000 
0.546925 -1.233418 5.634960 -6.754732 0.000000 -1.000000 
1.582515 -2.241188 4.683986 -3.527407 0.000000 -1.000000 
2.414855 -2.749627 3.685040 -1.807727 2.000000 -1.000000 
3.083772 -3.009011 3.133740 -0.975218 1.000000 -1.000000 
-2.555841 3.057621 3.438258 -1.358244 0.000000 -1.000000 
-1.771582 2.642324 4.477966 -3.006055 0.000000 -1.000000 
-0.765204 1.755149 5.536478 -6.158647 0.000000 -1.000000 
0.432291 0.102333 6.250834 -9.774955 0.000000 -1.000000 
1.561315 -1.612622 4.844715 -6.770758 0.000000 -1.000000 
2.415712 -2.733729 3.805745 -4.796588 1.000000 -1.000000 
3.120514 2.666406 3.375499 -4.243491 0.000000 -1.000000 
-2.454308 1.752701 3.864801 -5.145163 0.000000 -1.000000 
-1.550344 0.482532 5.307790 -7.751709 0.000000 -1.000000 
-0.376595 -1.131508 6.174368 -7.422493 0.000000 -1.000000 
0.860538 -2.264601 6.045482 -3.866264 0.000000 -1.000000 
1.968654 -2.748030 4.946561 -1.219662 2.000000 -1.000000 
2.842586 -2.807992 3.906075 0.386262 2.000000 -1.000000 
-2.702029 -2.671524 3.612713 0.804512 2.000000 -1.000000 
-1.949138 -2.531574 4.014551 0.548132 0.000000 -1.000000 
-1.060992 -2.473659 4.851085 0.195083 0.000000 -1.000000 
-0.060720 -2.347871 4.891991 1.425665 1.000000 -1.000000 
0.738253 -1.733497 2.685087 5.030511 2.000000 -1.000000 
0.896146 -0.240740 -0.838024 9.512764 1.000000 -1.000000 
0.763120 1.550238 0.067345 7.667920 0.000000 -1.000000 
0.912098 2.924502 1.036261 6.611211 0.000000 -1.000000 
0.961443 -1.882613 -1.039963 8.653489 2.000000 -1.000000 
0.399639 0.324903 -3.805008 12.352517 2.000000 -1.000000 
-0.163221 2.471916 -1.644759 9.093520 2.000000 -1.000000 
-0.450139 -2.033152 -1.784208 9.355307 0.000000 -1.000000 
-0.974437 0.108937 -2.898670 11.391245 2.000000 -1.000000 
-1.237593 2.035867 0.687681 7.432303 2.000000 -1.000000 
-0.816759 -3.032084 2.958920 5.231488 2.000000 -1.000000 
-0.285517 -1.911363 1.839110 6.629367 0.000000 -1.000000 
-0.199653 -0.218744 -0.635137 9.942396 0.000000 -1.000000 
-0.127820 1.482268 1.912530 6.161529 0.000000 -1.000000 
0.495085 2.346803 3.916677 2.933375 0.000000 -1.000000 
1.298385 2.838500 3.861946 2.397218 0.000000 -1.000000 
1.975285 -2.864384 2.743849 3.586388 2.000000 -1.000000 
2.313071 -1.940632 0.478384 5.679939 2.000000 -1.000000 
2.147253 -0.571425 -2.045528 8.052241 2.000000 -1.000000 
1.614891 1.147817 -2.938952 8.642711 2.000000 -1.000000 
1.013697 2.838019 -3.208487 8.547551 2.000000 -1.000000 
0.247247 -1.538441 -4.700981 11.205238 2.000000 -1.000000 
-0.826020 1.035753 -5.087992 12.735804 2.000000 -1.000000 
-1.541697 -3.133398 -2.487043 9.197104 2.000000 0.000000 