-0.064541 0.040015 0.048649 0.071390 0.000000 -1.000000 
-0.033295 0.009769 0.256251 -0.363320 0.000000 -1.000000 
0.032841 -0.097031 0.388077 -0.675342 0.000000 -1.000000 
0.113731 -0.245777 0.399608 -0.773591 0.000000 -1.000000 
0.184150 -0.390756 0.286497 -0.642307 0.000000 -1.000000 
0.222322 -0.491162 0.085695 -0.341982 1.000000 -1.000000 
0.203969 -0.489904 -0.265043 0.351292 2.000000 -1.000000 
0.108099 -0.323762 -0.672280 1.275090 2.000000 -1.000000 
-0.051919 -0.003194 -0.885189 1.849558 2.000000 -1.000000 
-0.225469 0.376080 -0.800575 1.845320 2.000000 -1.000000 
-0.354280 0.700091 -0.456277 1.333569 2.000000 -1.000000 
-0.399937 0.893183 0.007394 0.576034 0.000000 -1.000000 
-0.329786 0.867323 0.679343 -0.826393 0.000000 -1.000000 
-0.137421 0.570727 1.210318 -2.095598 0.000000 -1.000000 
0.134067 0.062420 1.434770 -2.856373 0.000000 -1.000000 
0.401998 -0.504024 1.165654 -2.653620 0.000000 -1.000000 
0.575502 -0.952756 0.534053 -1.770961 0.000000 -1.000000 
0.608995 -1.200094 -0.199425 -0.690401 1.000000 -1.000000 
0.490734 -1.200341 -0.957923 0.681734 2.000000 -1.000000 
0.229046 -0.904131 -1.618159 2.254480 2.000000 -1.000000 
-0.135290 -0.323141 -1.950613 3.428924 2.000000 -1.000000 
-0.509085 0.385017 -1.676364 3.430654 2.000000 -1.000000 
-0.768472 0.978713 -0.864151 2.418498 2.000000 -1.000000 
-0.844467 1.338688 0.109302 1.169485 0.000000 -1.000000 
-0.710699 1.391828 1.198280 -0.640178 0.000000 -1.000000 
-0.381302 1.080609 2.047559 -2.465112 0.000000 -1.000000 
0.084300 0.423472 2.523834 -3.975717 0.000000 -1.000000 
0.576616 -0.407351 2.255862 -4.036675 0.000000 -1.000000 
0.939600 -1.101669 1.312479 -2.819154 0.000000 -1.000000 
1.090369 -1.529612 0.185555 -1.465322 0.000000 -1.000000 
1.014621 -1.687489 -0.928674 -0.102529 2.000000 -1.000000 
0.714014 -1.514616 -2.033017 1.854889 2.000000 -1.000000 
0.222845 -0.938156 -2.818573 3.890285 2.000000 -1.000000 
-0.377544 -0.010448 -3.036096 5.074954 2.000000 -1.000000 
-0.916073 0.927425 -2.219166 4.049864 2.000000 -1.000000 
-1.241379 1.583024 -1.013555 2.527802 2.000000 -1.000000 
-1.318531 1.950065 0.241541 1.152273 0.000000 -1.000000 
-1.134573 1.995500 1.570752 -0.722126 0.000000 -1.000000 
-0.706630 1.645503 2.656347 -2.823864 0.000000 -1.000000 
-0.095152 0.851287 3.396014 -5.088745 0.000000 -1.000000 
0.602436 -0.293482 3.368508 -5.872688 0.000000 -1.000000 
1.169484 -1.315701 2.213536 -4.210951 0.000000 -1.000000 
1.479847 -1.995049 0.886890 -2.646077 1.000000 -1.000000 
1.518220 -2.367167 -0.493212 -1.084219 0.000000 -1.000000 
1.294258 -2.443640 -1.726643 0.345813 2.000000 -1.000000 
0.830029 -2.174941 -2.851312 2.380076 2.000000 -1.000000 
0.187560 -1.475272 -3.497182 4.646553 2.000000 -1.000000 
-0.543170 -0.331019 -3.697564 6.538212 2.000000 -1.000000 
-1.200307 0.919041 -2.680347 5.535881 2.000000 -1.000000 
-1.585131 1.845815 -1.161887 3.802080 2.000000 -1.000000 
-1.668075 2.464015 0.316728 2.398779 2.000000 -1.000000 
-1.467441 2.802141 1.664329 0.968636 0.000000 -1.000000 
-1.002587 2.809779 2.935108 -0.886485 0.000000 -1.000000 
-0.328165 2.452819 3.676908 -2.664980 0.000000 -1.000000 
0.404902 1.757483 3.528106 -4.227852 0.000000 -1.000000 
1.054674 0.799640 2.935097 -5.216084 0.000000 -1.000000 
1.556110 -0.246192 1.990804 -5.013614 0.000000 -1.000000 
1.816126 -1.142234 0.551021 -3.888451 0.000000 -1.000000 
1.758617 -1.788291 -1.158206 -2.509730 0.000000 -1.000000 
1.350765 -2.109585 -2.885298 -0.601624 0.000000 -1.000000 
0.638171 -1.995948 -4.104248 1.781525 2.000000 -1.000000 
-0.234226 -1.357985 -4.457361 4.513091 2.000000 -1.000000 
-1.096161 -0.270982 -4.043153 5.988421 2.000000 -1.000000 
-1.792898 0.851760 -2.840521 4.993478 2.000000 -1.000000 
-2.231363 1.731282 -1.570708 3.907082 2.000000 -1.000000 
-2.429238 2.445182 -0.429479 3.261508 2.000000 -1.000000 
-2.415523 3.031774 0.525600 2.573743 2.000000 -1.000000 
-2.231978 -2.824367 1.298734 1.661589 2.000000 -1.000000 
-1.890048 -2.596801 2.152725 0.609157 0.000000 -1.000000 
-1.343280 -2.611689 3.339840 -0.696296 0.000000 -1.000000 
-0.560908 -2.837050 4.404009 -1.431710 0.000000 -1.000000 
0.358504 -3.133978 4.605651 -1.416691 0.000000 -1.000000 
1.210858 2.921800 3.801191 -0.765787 0.000000 -1.000000 
1.859900 2.869286 2.695826 0.275496 1.000000 -1.000000 
2.297253 3.051828 1.716879 1.520608 2.000000 -1.000000 
2.548075 -2.804867 0.782977 2.687066 2.000000 -1.000000 
2.597344 -2.177911 -0.322968 3.545340 2.000000 -1.000000 
2.409726 -1.387454 -1.570269 4.411696 2.000000 -1.000000 
1.957823 -0.370118 -2.976562 5.857132 2.000000 -1.000000 
1.232151 0.912060 -4.189558 6.617120 2.000000 -1.000000 
0.303099 2.139161 -5.069830 5.472055 2.000000 -1.000000 
-0.740499 3.093348 -5.119699 4.168822 2.000000 -1.000000 
-1.655510 -2.431373 -3.933505 3.474739 2.000000 0.000000 
0.015364 0.089475 0.000235 0.067883 2.000000 -1.000000 
0.028508 0.060561 0.127485 -0.349716 2.000000 -1.000000 
0.063426 -0.044032 0.211160 -0.672388 2.000000 -1.000000 
0.107663 -0.196135 0.217032 -0.814846 0.000000 -1.000000 
0.131449 -0.321985 0.013127 -0.420607 2.000000 -1.000000 
0.124764 -0.392392 -0.080360 -0.273406 0.000000 -1.000000 
0.087342 -0.395638 -0.285806 0.235201 0.000000 -1.000000 
0.002613 -0.270922 -0.541877 0.981124 0.000000 -1.000000 
-0.118737 -0.022144 -0.639518 1.445136 0.000000 -1.000000 
-0.238464 0.277703 -0.522572 1.480500 0.000000 -1.000000 
-0.315013 0.542845 -0.220714 1.119322 0.000000 -1.000000 
-0.321352 0.710410 0.160015 0.535514 2.000000 -1.000000 
-0.229981 0.691276 0.733673 -0.713715 2.000000 -1.000000 
-0.039522 0.436836 1.131994 -1.776963 2.000000 -1.000000 
0.202163 0.014672 1.222894 -2.330675 2.000000 -1.000000 
0.421860 -0.442213 0.913216 -2.121025 2.000000 -1.000000 
0.548123 -0.797245 0.321184 -1.374224 2.000000 -1.000000 
0.545185 -0.979216 -0.348337 -0.431517 2.000000 -1.000000 
0.414511 -0.968695 -0.932658 0.527061 0.000000 -1.000000 
0.164103 -0.717130 -1.525987 1.948401 0.000000 -1.000000 
-0.172333 -0.220243 -1.763018 2.892425 0.000000 -1.000000 
-0.503607 0.368792 -1.458966 2.823124 0.000000 -1.000000 
-0.725716 0.853738 -0.716220 1.949871 0.000000 -1.000000 
-0.780345 1.133623 0.175832 0.831639 2.000000 -1.000000 
-0.638715 1.126660 1.213869 -0.903342 2.000000 -1.000000 
-0.309867 0.773482 2.024366 -2.598285 2.000000 -1.000000 
0.142023 0.123930 2.389790 -3.710250 2.000000 -1.000000 
0.592017 -0.603429 1.990391 -3.331854 2.000000 -1.000000 
0.904427 -1.153125 1.089474 -2.118729 2.000000 -1.000000 
1.018824 -1.448673 0.046361 -0.839089 2.000000 -1.000000 
0.924019 -1.487435 -0.980173 0.461848 0.000000 -1.000000 
0.618942 -1.205492 -2.033873 2.376845 0.000000 -1.000000 
0.129854 -0.538203 -2.783065 4.207731 0.000000 -1.000000 
-0.441644 0.376552 -2.760777 4.578234 0.000000 -1.000000 
-0.913495 1.170389 -1.877859 3.241508 0.000000 -1.000000 
-1.178452 1.671033 -0.755427 1.790581 2.000000 -1.000000 
-1.197222 1.848043 0.560084 -0.012100 2.000000 -1.000000 
-0.960468 1.659702 1.783671 -1.906835 2.000000 -1.000000 
-0.496420 1.066047 2.819153 -4.063701 2.000000 -1.000000 
0.140341 0.059560 3.397890 -5.693573 2.000000 -1.000000 
0.771370 -1.007452 2.744387 -4.629121 2.000000 -1.000000 
1.208874 -1.756934 1.606657 -2.906771 2.000000 -1.000000 
1.409194 -2.192348 0.390512 -1.482116 0.000000 -1.000000 
1.358587 -2.333433 -0.887508 0.077154 0.000000 -1.000000 
1.054871 -2.131622 -2.117574 1.979283 0.000000 -1.000000 
0.530017 -1.520004 -3.083087 4.200070 0.000000 -1.000000 
-0.159841 -0.439842 -3.722417 6.437835 0.000000 -1.000000 
-0.866165 0.840137 -3.100932 5.821880 0.000000 -1.000000 
-1.352711 1.807118 -1.746659 3.902748 0.000000 -1.000000 
-1.565701 2.435011 -0.390392 2.425034 0.000000 -1.000000 
-1.507713 2.763202 0.954028 0.855253 2.000000 -1.000000 
-1.185002 2.753765 2.245484 -0.959970 2.000000 -1.000000 
-0.630874 2.373830 3.206729 -2.859960 2.000000 -1.000000 
0.052379 1.601183 3.534773 -4.877243 2.000000 -1.000000 
0.760210 0.439357 3.464322 -6.533908 2.000000 -1.000000 
1.362200 -0.823712 2.369015 -5.692687 2.000000 -1.000000 
1.671208 -1.790036 0.702669 -4.014219 2.000000 -1.000000 
1.644692 -2.443644 -0.945398 -2.519817 2.000000 -1.000000 
1.308348 -2.791007 -2.370819 -0.946590 2.000000 -1.000000 
0.719394 -2.829580 -3.436125 0.512468 2.000000 -1.000000 
-0.017068 -2.616178 -3.773562 1.521424 0.000000 -1.000000 
-0.734273 -2.228775 -3.255180 2.218802 0.000000 -1.000000 
-1.280549 -1.784986 -2.160340 2.087367 0.000000 0.000000 
-0.039683 0.096048 0.057739 -0.012867 2.000000 -1.000000 
-0.008810 0.046160 0.242986 -0.472333 2.000000 -1.000000 
0.052351 -0.083295 0.351859 -0.789735 2.000000 -1.000000 
0.123969 -0.253928 0.344155 -0.875591 2.000000 -1.000000 
0.182075 -0.417079 0.220773 -0.721032 2.000000 -1.000000 
0.207216 -0.530705 0.023607 -0.395715 0.000000 -1.000000 
0.178233 -0.538256 -0.306987 0.316398 0.000000 -1.000000 
0.077010 -0.377564 -0.683370 1.256672 0.000000 -1.000000 
-0.082320 -0.058002 -0.868406 1.860326 0.000000 -1.000000 
-0.250279 0.327091 -0.761911 1.891776 0.000000 -1.000000 
-0.369224 0.662787 -0.396609 1.401022 0.000000 -1.000000 
-0.401294 0.870184 0.081612 0.650226 2.000000 -1.000000 
-0.316153 0.859311 0.750925 -0.749264 2.000000 -1.000000 
-0.111846 0.579449 1.254864 -2.003735 2.000000 -1.000000 
0.164897 0.090920 1.443735 -2.754878 2.000000 -1.000000 
0.432177 -0.457427 1.152049 -2.578698 2.000000 -1.000000 
0.601065 -0.894575 0.501006 -1.728167 2.000000 -1.000000 
0.625750 -1.135314 -0.254412 -0.664928 0.000000 -1.000000 
0.494361 -1.130751 -1.032467 0.704627 0.000000 -1.000000 
0.216867 -0.830414 -1.697213 2.266557 0.000000 -1.000000 
-0.160650 -0.253581 -1.996223 3.360921 0.000000 -1.000000 
-0.538080 0.429021 -1.670637 3.253374 0.000000 -1.000000 
-0.794408 0.984679 -0.844019 2.227738 0.000000 -1.000000 
-0.866175 1.308478 0.131488 0.999379 2.000000 -1.000000 
-0.726918 1.328585 1.233473 -0.803431 2.000000 -1.000000 
-0.387939 0.984146 2.109149 -2.632228 2.000000 -1.000000 
0.091236 0.298671 2.586480 -4.061865 2.000000 -1.000000 
0.589883 -0.526148 2.257080 -3.895471 2.000000 -1.000000 
0.951619 -1.182830 1.307498 -2.609357 2.000000 -1.000000 
1.103029 -1.569109 0.197349 -1.262468 2.000000 -1.000000 
1.031023 -1.688153 -0.904850 0.082380 0.000000 -1.000000 
0.734768 -1.479585 -2.018665 2.030800 0.000000 -1.000000 
0.242633 -0.866681 -2.845458 4.077126 0.000000 -1.000000 
-0.364845 0.090558 -3.065926 5.148955 0.000000 -1.000000 
-0.906396 1.025539 -2.228021 3.972422 0.000000 -1.000000 
-1.235354 1.662573 -1.043192 2.428565 0.000000 -1.000000 
-1.320665 2.009739 0.190206 1.055116 2.000000 -1.000000 
-1.148766 2.037732 1.504355 -0.797439 2.000000 -1.000000 
-0.733828 1.675405 2.597046 -2.873826 2.000000 -1.000000 
-0.131067 0.870886 3.373653 -5.154120 2.000000 -1.000000 
0.567738 -0.293944 3.398365 -5.998779 2.000000 -1.000000 
1.141994 -1.338759 2.252145 -4.303671 2.000000 -1.000000 
1.460513 -2.033446 0.929983 -2.709726 2.000000 -1.000000 
1.514680 -2.437864 -0.381739 -1.342614 0.000000 -1.000000 
1.306461 -2.545953 -1.679178 0.280750 0.000000 -1.000000 
0.851513 -2.295311 -2.807711 2.257396 0.000000 -1.000000 
0.218284 -1.628777 -3.440720 4.438993 0.000000 -1.000000 
-0.499124 -0.523792 -3.652191 6.440862 0.000000 -1.000000 
-1.163873 0.754058 -2.781415 5.851662 0.000000 -1.000000 
-1.566375 1.742099 -1.225536 4.075470 0.000000 -1.000000 
-1.656125 2.409842 0.312000 2.625599 0.000000 -1.000000 
-1.451961 2.790144 1.698587 1.165913 2.000000 -1.000000 
-0.979228 2.836345 2.975519 -0.689785 2.000000 -1.000000 
-0.297458 2.524241 3.707365 -2.398384 2.000000 -1.000000 
0.437615 1.896557 3.503472 -3.803990 2.000000 -1.000000 
1.069526 1.044186 2.781265 -4.598902 2.000000 -1.000000 
1.539932 0.113742 1.879713 -4.554502 2.000000 -1.000000 
1.797823 -0.725165 0.643054 -3.754158 2.000000 -1.000000 
1.775520 -1.365150 -0.917169 -2.570558 2.000000 -1.000000 
1.416873 -1.710128 -2.667710 -0.745918 2.000000 -1.000000 
0.731231 -1.612628 -4.072983 1.805480 0.000000 -1.000000 
-0.165017 -0.934454 -4.728555 4.854958 0.000000 -1.000000 
-1.090476 0.184312 -4.321979 5.762826 0.000000 -1.000000 
-1.829899 1.185421 -3.043378 4.169473 0.000000 -1.000000 
-2.324364 1.901824 -1.952641 3.140316 0.000000 -1.000000 
-2.621547 2.461805 -1.064309 2.527584 2.000000 -1.000000 
-2.760216 2.904194 -0.363169 1.901946 2.000000 -1.000000 
-2.778901 -3.066339 0.157014 1.201606 0.000000 -1.000000 
-2.711140 -2.871322 0.526403 0.716724 0.000000 -1.000000 
-2.561657 -2.793295 0.996171 0.029021 0.000000 -1.000000 
-2.297546 -2.873611 1.692492 -0.867343 2.000000 -1.000000 
-1.851742 3.088892 2.812850 -2.388061 2.000000 -1.000000 
-1.165080 2.422654 4.020931 -4.411685 2.000000 -1.000000 
-0.267878 1.247098 4.934141 -7.544979 2.000000 -1.000000 
0.773114 -0.517663 5.093248 -9.067264 2.000000 -1.000000 
1.632670 -2.032055 3.501172 -6.141558 2.000000 -1.000000 
2.204648 -3.090507 2.297915 -4.635888 2.000000 -1.000000 
2.588471 2.356961 1.636526 -3.773843 2.000000 0.000000 
0.051198 0.093780 0.049325 0.026601 2.000000 -1.000000 
0.069426 0.060081 0.128136 -0.354779 2.000000 -1.000000 
0.099494 -0.041672 0.163152 -0.640311 2.000000 -1.000000 
0.130256 -0.184873 0.133330 -0.761654 2.000000 -1.000000 
0.148477 -0.333791 0.040456 -0.699414 0.000000 -1.000000 
0.131340 -0.421529 -0.209417 -0.168535 0.000000 -1.000000 
0.055299 -0.368557 -0.534095 0.679300 0.000000 -1.000000 
-0.072614 -0.163901 -0.714313 1.315473 0.000000 -1.000000 
-0.215522 0.130330 -0.675641 1.551188 0.000000 -1.000000 
-0.327142 0.425220 -0.408823 1.331674 0.000000 -1.000000 
-0.369482 0.641707 -0.002557 0.798801 2.000000 -1.000000 
-0.303624 0.673669 0.645996 -0.473620 2.000000 -1.000000 
-0.121383 0.461066 1.139512 -1.606902 2.000000 -1.000000 
0.132040 0.061673 1.332165 -2.277710 2.000000 -1.000000 
0.382351 -0.395995 1.103495 -2.172974 2.000000 -1.000000 
0.550715 -0.766415 0.543491 -1.467342 2.000000 -1.000000 
0.591301 -0.967966 -0.143266 -0.530434 0.000000 -1.000000 
0.474309 -0.917074 -1.004966 1.032781 0.000000 -1.000000 
0.202375 -0.562686 -1.667135 2.458817 0.000000 -1.000000 
-0.164436 0.022509 -1.906457 3.218293 0.000000 -1.000000 
-0.516125 0.639304 -1.518677 2.779359 0.000000 -1.000000 
-0.745749 1.091992 -0.741551 1.702874 0.000000 -1.000000 
-0.805479 1.314142 0.147985 0.513230 2.000000 -1.000000 
-0.670618 1.242185 1.179356 -1.237566 2.000000 -1.000000 
-0.345813 0.817456 2.026700 -2.989367 2.000000 -1.000000 
0.112950 0.081990 2.450142 -4.157994 2.000000 -1.000000 
0.574294 -0.723423 2.035028 -3.644539 2.000000 -1.000000 
0.893643 -1.322224 1.118416 -2.310229 2.000000 -1.000000 
1.013872 -1.649240 0.077452 -0.968099 2.000000 -1.000000 
0.926225 -1.709755 -0.938251 0.369926 0.000000 -1.000000 
0.633052 -1.447165 -1.955666 2.276686 0.000000 -1.000000 
0.161705 -0.793766 -2.702352 4.220600 0.000000 -1.000000 
-0.407500 0.170655 -2.824181 5.071900 0.000000 -1.000000 
-0.894980 1.081049 -1.943444 3.840905 0.000000 -1.000000 
-1.167060 1.694873 -0.762069 2.321817 0.000000 -1.000000 
-1.198200 2.018539 0.445099 0.919948 2.000000 -1.000000 
-0.981981 2.015198 1.681317 -0.971855 2.000000 -1.000000 
-0.545697 1.618550 2.623326 -3.024813 2.000000 -1.000000 
0.043641 0.798894 3.206751 -5.116881 2.000000 -1.000000 
0.686871 -0.324919 3.025176 -5.667400 2.000000 -1.000000 
1.178855 -1.310217 1.815240 -4.071032 2.000000 -1.000000 
1.404898 -1.966018 0.442535 -2.530285 2.000000 -1.000000 
1.357965 -2.329332 -0.897763 -1.097093 2.000000 -1.000000 
1.055787 -2.397985 -2.083211 0.428247 0.000000 -1.000000 
0.538298 -2.111228 -2.998011 2.448539 0.000000 -1.000000 
-0.100740 -1.419575 -3.306367 4.443238 0.000000 -1.000000 
-0.757536 -0.368433 -3.168713 5.838011 0.000000 -1.000000 
-1.301381 0.753295 -2.117389 5.053560 0.000000 -1.000000 
-1.572204 1.608333 -0.565718 3.509622 0.000000 -1.000000 
-1.524937 2.162175 1.029878 2.010224 0.000000 -1.000000 
-1.165321 2.376871 2.511773 0.102122 2.000000 -1.000000 
-0.547350 2.172632 3.547893 -2.153598 2.000000 -1.000000 
0.195829 1.522406 3.759570 -4.294564 2.000000 -1.000000 
0.921603 0.501212 3.419379 -5.692969 2.000000 -1.000000 
1.512380 -0.609141 2.363250 -5.106030 2.000000 -1.000000 
1.838781 -1.496223 0.877476 -3.783857 2.000000 -1.000000 
1.857601 -2.131113 -0.697549 -2.545844 2.000000 -1.000000 
1.561926 -2.494290 -2.237188 -1.024284 2.000000 -1.000000 
0.978898 -2.520004 -3.521680 0.800130 0.000000 -1.000000 
0.189684 -2.130408 -4.203202 3.079514 0.000000 -1.000000 
-0.634807 -1.312130 -3.934176 4.990816 0.000000 -1.000000 
-1.359635 -0.209911 -3.241075 5.746448 0.000000 -1.000000 
-1.890078 0.861862 -1.996680 4.821240 0.000000 -1.000000 
-2.147949 1.719778 -0.566947 3.796581 0.000000 -1.000000 
-2.110283 2.381262 0.948453 2.777905 0.000000 -1.000000 
-1.773903 2.806578 2.391867 1.417652 0.000000 -1.000000 
-1.163605 2.934574 3.672432 -0.138966 2.000000 -1.000000 
-0.325153 2.724110 4.567049 -1.913134 2.000000 -1.000000 
0.581968 2.196945 4.305355 -3.257989 2.000000 -1.000000 
1.341954 1.476275 3.241794 -3.790526 2.000000 0.000000 
0.050140 -0.016681 0.097293 -0.038170 2.000000 -1.000000 
0.075615 -0.051385 0.151096 -0.298704 2.000000 -1.000000 
0.107321 -0.130069 0.156970 -0.469441 2.000000 -1.000000 
0.134564 -0.230554 0.106747 -0.513925 2.000000 -1.000000 
0.146918 -0.327162 0.011492 -0.434283 0.000000 -1.000000 
0.125114 -0.364910 -0.225422 0.058596 0.000000 -1.000000 
0.047636 -0.273440 -0.531589 0.830995 0.000000 -1.000000 
-0.077327 -0.049283 -0.686164 1.353188 0.000000 -1.000000 
-0.211773 0.239351 -0.620742 1.459711 0.000000 -1.000000 
-0.311337 0.506114 -0.347840 1.151692 0.000000 -1.000000 
-0.343301 0.682919 0.036381 0.590704 2.000000 -1.000000 
-0.273383 0.674422 0.647482 -0.666411 2.000000 -1.000000 
-0.094374 0.426655 1.106205 -1.760957 2.000000 -1.000000 
0.148883 0.003386 1.263547 -2.356735 2.000000 -1.000000 
0.382263 -0.461219 1.006009 -2.167108 0.000000 -1.000000 
0.518696 -0.794019 0.332861 -1.115595 0.000000 -1.000000 
0.511511 -0.899027 -0.400467 0.070679 0.000000 -1.000000 
0.353177 -0.737174 -1.155892 1.528677 0.000000 -1.000000 
0.065483 -0.305680 -1.660968 2.693642 0.000000 -1.000000 
-0.277242 0.278767 -1.669971 2.966570 0.000000 -1.000000 
-0.565410 0.811322 -1.146518 2.247795 0.000000 -1.000000 
-0.719134 1.154353 -0.369841 1.158950 2.000000 -1.000000 
-0.690662 1.216608 0.644735 -0.535126 2.000000 -1.000000 
-0.468589 0.939320 1.547918 -2.232379 2.000000 -1.000000 
-0.088945 0.338279 2.175404 -3.664003 2.000000 -1.000000 
0.354624 -0.435830 2.126089 -3.807250 2.000000 -1.000000 
0.715124 -1.096709 1.411731 -2.700140 2.000000 -1.000000 
0.904924 -1.504736 0.469622 -1.381055 2.000000 -1.000000 
0.900935 -1.650893 -0.503274 -0.080367 0.000000 -1.000000 
0.702168 -1.510054 -1.455228 1.498104 0.000000 -1.000000 
0.324546 -1.021571 -2.278399 3.383361 0.000000 -1.000000 
-0.184046 -0.184360 -2.695229 4.775445 0.000000 -1.000000 
-0.685307 0.744655 -2.167331 4.209871 0.000000 -1.000000 
-1.014969 1.440957 -1.093995 2.733478 0.000000 -1.000000 
-1.117703 1.844849 0.067309 1.318189 2.000000 -1.000000 
-0.977646 1.923054 1.304072 -0.544356 2.000000 -1.000000 
-0.612685 1.618871 2.294910 -2.522512 2.000000 -1.000000 
-0.081665 0.906930 2.958008 -4.568323 2.000000 -1.000000 
0.531050 -0.138300 2.995573 -5.501702 2.000000 -1.000000 
1.037573 -1.123412 1.959467 -4.152522 2.000000 -1.000000 
1.299432 -1.794165 0.649544 -2.591061 2.000000 -1.000000 
1.297645 -2.169090 -0.657418 -1.158929 0.000000 -1.000000 
1.038752 -2.230884 -1.891064 0.560025 0.000000 -1.000000 
0.565621 -1.937290 -2.759986 2.388665 0.000000 -1.000000 
-0.037147 -1.252131 -3.193425 4.440162 0.000000 -1.000000 
-0.682508 -0.203907 -3.138533 5.757609 0.000000 -1.000000 
-1.217493 0.876874 -2.068141 4.757121 0.000000 -1.000000 
-1.484348 1.669998 -0.583662 3.198837 0.000000 -1.000000 
-1.450161 2.163287 0.915077 1.722389 0.000000 -1.000000 
-1.128648 2.347355 2.254846 0.088413 2.000000 -1.000000 
-0.564990 2.149006 3.273086 -2.079213 2.000000 -1.000000 
0.128458 1.521142 3.548056 -4.155690 2.000000 -1.000000 
0.820983 0.526237 3.298499 -5.589724 2.000000 -1.000000 
1.395219 -0.573216 2.307280 -5.083659 2.000000 -1.000000 
1.710088 -1.450696 0.810685 -3.692342 2.000000 -1.000000 
1.713214 -2.055940 -0.785852 -2.339591 2.000000 -1.000000 
1.399497 -2.366798 -2.321105 -0.710073 2.000000 -1.000000 
0.807335 -2.320407 -3.507031 1.202247 2.000000 -1.000000 
0.051990 -1.888593 -3.887073 3.063111 0.000000 -1.000000 
-0.705252 -1.089885 -3.593038 4.779811 0.000000 -1.000000 
-1.357271 -0.064482 -2.841358 5.194290 0.000000 -1.000000 
-1.804483 0.888023 -1.576425 4.230520 0.000000 -1.000000 
-1.976856 1.627663 -0.123605 3.172722 0.000000 -1.000000 
-1.844139 2.144873 1.465075 1.929728 0.000000 -1.000000 
-1.393165 2.364122 3.011882 0.173398 2.000000 -1.000000 
-0.656345 2.143538 4.226757 -2.433941 2.000000 -1.000000 
0.230960 1.384709 4.507386 -5.105338 2.000000 -1.000000 
1.107298 0.172576 4.130674 -6.608313 2.000000 -1.000000 
1.812398 -1.045568 2.828173 -5.329138 2.000000 -1.000000 
2.240549 -1.980332 1.484554 -4.140637 2.000000 -1.000000 
2.418366 -2.731799 0.338183 -3.398362 2.000000 -1.000000 
2.398704 2.948113 -0.478222 -2.610066 2.000000 -1.000000 
2.239070 2.519141 -1.118818 -1.655777 2.000000 -1.000000 
1.940831 2.291195 -1.902161 -0.630117 0.000000 -1.000000 
1.455661 2.273900 -2.975498 0.378340 0.000000 -1.000000 
0.746698 2.412915 -4.052587 0.830845 0.000000 -1.000000 
-0.112721 2.522428 -4.349845 0.036813 0.000000 -1.000000 
-0.902422 2.343846 -3.316740 -1.993881 2.000000 -1.000000 
-1.337056 1.639215 -0.850737 -5.120798 2.000000 -1.000000 
-1.217211 0.277575 1.877137 -8.319087 2.000000 -1.000000 
-0.777661 -1.403179 2.144512 -7.922475 2.000000 -1.000000 
-0.382851 -2.901024 1.929703 -7.349921 2.000000 -1.000000 
0.070532 1.805567 2.807595 -8.839370 2.000000 -1.000000 
0.780205 -0.293044 3.725364 -11.242570 2.000000 -1.000000 
1.246571 -2.195833 0.724002 -7.660185 0.000000 -1.000000 
1.176368 2.777234 -0.982473 -5.810859 2.000000 -1.000000 
1.006222 1.598878 -0.500122 -6.331956 2.000000 -1.000000 
1.009455 0.133894 0.267317 -8.067530 0.000000 -1.000000 
0.848988 -1.236020 -2.271650 -4.947061 0.000000 -1.000000 
0.118338 -1.795296 -4.717471 -0.754358 0.000000 -1.000000 
-0.884758 -1.612186 -4.982488 2.259794 0.000000 0.000000 
-0.087989 -0.055912 -0.072476 -0.045191 2.000000 -1.000000 
-0.079049 -0.101704 0.158297 -0.402859 2.000000 -1.000000 
-0.028303 -0.209387 0.335188 -0.646833 2.000000 -1.000000 
0.047837 -0.347037 0.406591 -0.694354 2.000000 -1.000000 
0.126069 -0.472757 0.356980 -0.531674 2.000000 -1.000000 
0.183842 -0.549014 0.207941 -0.212311 0.000000 -1.000000 
0.180544 -0.487901 -0.240310 0.816309 0.000000 -1.000000 
0.091699 -0.232384 -0.625821 1.690112 0.000000 -1.000000 
-0.055386 0.157530 -0.798710 2.111065 0.000000 -1.000000 
-0.206912 0.568209 -0.671396 1.901082 0.000000 -1.000000 
-0.309648 0.888313 -0.334566 1.253867 0.000000 -1.000000 
-0.336344 1.058966 0.068813 0.441143 2.000000 -1.000000 
-0.263313 1.006750 0.647135 -0.954131 2.000000 -1.000000 
-0.085158 0.684198 1.107527 -2.235220 2.000000 -1.000000 
0.162981 0.141642 1.310821 -3.066366 2.000000 -1.000000 
0.405265 -0.473192 1.030339 -2.914825 2.000000 -1.000000 
0.549188 -0.972618 0.375021 -2.009527 2.000000 -1.000000 
0.550721 -1.263872 -0.352202 -0.892468 2.000000 -1.000000 
0.416824 -1.329947 -0.954243 0.220807 0.000000 -1.000000 
0.166416 -1.129553 -1.503229 1.755747 0.000000 -1.000000 
-0.164775 -0.645363 -1.754456 3.009193 0.000000 -1.000000 
-0.506632 0.020921 -1.574333 3.470973 0.000000 -1.000000 
-0.755289 0.663600 -0.839106 2.812911 0.000000 -1.000000 
-0.824469 1.112717 0.162082 1.638551 0.000000 -1.000000 
-0.693122 1.310137 1.124583 0.323967 2.000000 -1.000000 
-0.374314 1.188003 1.998988 -1.530281 2.000000 -1.000000 
0.077017 0.713972 2.434582 -3.122425 2.000000 -1.000000 
0.560445 0.004684 2.284410 -3.739244 2.000000 -1.000000 
0.942898 -0.684220 1.455342 -2.993018 2.000000 -1.000000 
1.122841 -1.164420 0.322048 -1.787275 2.000000 -1.000000 
1.068952 -1.393871 -0.854425 -0.487013 0.000000 -1.000000 
0.780810 -1.321949 -1.985327 1.232047 0.000000 -1.000000 
0.288351 -0.868081 -2.866844 3.279219 0.000000 -1.000000 
-0.325785 -0.062262 -3.130139 4.495527 0.000000 -1.000000 
-0.893615 0.780005 -2.418148 3.671467 0.000000 -1.000000 
-1.265542 1.370329 -1.273681 2.242188 2.000000 -1.000000 
-1.380813 1.640149 0.118558 0.484313 2.000000 -1.000000 
-1.220348 1.562052 1.475362 -1.300605 2.000000 -1.000000 
-0.797802 1.096373 2.723667 -3.416583 2.000000 -1.000000 
-0.150907 0.196270 3.625459 -5.370184 2.000000 -1.000000 
0.565733 -0.857695 3.339761 -4.727961 2.000000 -1.000000 
1.139248 -1.617026 2.347778 -2.873151 2.000000 -1.000000 
1.494200 -2.034054 1.185427 -1.362291 0.000000 -1.000000 
1.602876 -2.158486 -0.100871 0.095863 0.000000 -1.000000 
1.446809 -1.972116 -1.457418 1.803301 0.000000 -1.000000 
1.022125 -1.409331 -2.782348 3.925530 0.000000 -1.000000 
0.339860 -0.366908 -3.958904 6.379156 0.000000 -1.000000 
-0.465225 0.918906 -3.831478 5.865637 0.000000 -1.000000 
-1.138133 1.871427 -2.856630 3.694623 0.000000 -1.000000 
-1.597392 2.437740 -1.717069 2.057174 2.000000 -1.000000 
-1.809640 2.677901 -0.408113 0.379637 2.000000 -1.000000 
-1.761436 2.594571 0.892354 -1.219444 2.000000 -1.000000 
-1.450862 2.178295 2.214531 -3.007728 2.000000 -1.000000 
-0.876725 1.347021 3.530091 -5.458075 2.000000 -1.000000 
-0.046492 -0.030712 4.573692 -7.865162 2.000000 -1.000000 
0.810404 -1.447979 3.792982 -5.845910 2.000000 -1.000000 
1.458953 -2.389646 2.680719 -3.723452 2.000000 -1.000000 
1.878174 -2.985007 1.515478 -2.300970 0.000000 -1.000000 
2.066396 2.979604 0.386229 -0.894978 0.000000 -1.000000 
2.030440 2.960034 -0.749571 0.702857 0.000000 -1.000000 
1.760386 -3.019789 -1.970059 2.348068 0.000000 -1.000000 
1.239101 -2.365854 -3.226920 4.289255 0.000000 -1.000000 
0.479810 -1.238466 -4.370813 7.185028 0.000000 -1.000000 
-0.479899 0.462494 -4.852319 8.890379 0.000000 -1.000000 
-1.312796 1.959384 -3.424186 6.036948 0.000000 -1.000000 
-1.866278 2.976430 -2.146729 4.308285 0.000000 -1.000000 
-2.190944 -2.565748 -1.158036 3.134776 0.000000 0.000000 
0.015850 -0.038878 -0.007280 0.051001 0.000000 -1.000000 
-0.001383 0.010667 -0.159789 0.432815 0.000000 -1.000000 
-0.044326 0.126164 -0.256973 0.694912 0.000000 -1.000000 
-0.098038 0.275443 -0.264392 0.763628 0.000000 -1.000000 
-0.143799 0.417818 -0.180197 0.630484 0.000000 -1.000000 
-0.165915 0.517590 -0.034753 0.349929 2.000000 -1.000000 
-0.131741 0.488292 0.368877 -0.634212 2.000000 -1.000000 
-0.024592 0.273840 0.677807 -1.465295 2.000000 -1.000000 
0.125320 -0.070593 0.778486 -1.892711 2.000000 -1.000000 
0.267581 -0.443879 0.601478 -1.751403 2.000000 -1.000000 
0.351956 -0.741682 0.221300 -1.178015 0.000000 -1.000000 
0.340898 -0.872752 -0.326030 -0.126487 0.000000 -1.000000 
0.216099 -0.764111 -0.898011 1.193124 0.000000 -1.000000 
-0.005208 -0.410783 -1.270638 2.271507 0.000000 -1.000000 
-0.267685 0.100262 -1.281112 2.696983 0.000000 -1.000000 
-0.486604 0.606893 -0.847222 2.251138 0.000000 -1.000000 
-0.589779 0.969026 -0.164984 1.328981 2.000000 -1.000000 
-0.530475 1.073303 0.739570 -0.283486 2.000000 -1.000000 
-0.305345 0.858720 1.474001 -1.840486 2.000000 -1.000000 
0.038977 0.357827 1.899880 -3.061111 2.000000 -1.000000 
0.415993 -0.293882 1.763677 -3.247204 2.000000 -1.000000 
0.705487 -0.867330 1.068712 -2.382081 2.000000 -1.000000 
0.829274 -1.227677 0.155127 -1.204546 2.000000 -1.000000 
0.767599 -1.345932 -0.758341 0.027795 0.000000 -1.000000 
0.517363 -1.160961 -1.705401 1.823535 0.000000 -1.000000 
0.104938 -0.622928 -2.354069 3.486430 0.000000 -1.000000 
-0.384056 0.163573 -2.400648 4.105396 0.000000 -1.000000 
-0.798992 0.905722 -1.656390 3.153509 0.000000 -1.000000 
-1.026923 1.402666 -0.601753 1.811957 2.000000 -1.000000 
-1.019671 1.582654 0.662090 -0.007306 2.000000 -1.000000 
-0.770555 1.394058 1.798764 -1.903806 2.000000 -1.000000 
-0.315931 0.811942 2.694921 -3.897908 2.000000 -1.000000 
0.269795 -0.107055 3.003141 -4.961868 2.000000 -1.000000 
0.809835 -1.011440 2.274033 -3.850913 2.000000 -1.000000 
1.156368 -1.625510 1.167607 -2.313140 2.000000 -1.000000 
1.272174 -1.949414 -0.013217 -0.942269 2.000000 -1.000000 
1.152909 -2.001744 -1.164420 0.435097 0.000000 -1.000000 
0.802948 -1.719053 -2.293559 2.432717 0.000000 -1.000000 
0.254938 -1.011226 -3.136276 4.655627 0.000000 -1.000000 
-0.415929 0.088995 -3.389341 5.940945 0.000000 -1.000000 
-1.008746 1.159323 -2.407067 4.511163 0.000000 -1.000000 
-1.362334 1.890316 -1.119667 2.858715 0.000000 -1.000000 
-1.455890 2.320945 0.180425 1.464072 2.000000 -1.000000 
-1.281839 2.432771 1.536762 -0.362174 2.000000 -1.000000 
-0.855892 2.164964 2.665615 -2.353176 2.000000 -1.000000 
-0.245565 1.474270 3.369644 -4.591003 2.000000 -1.000000 
0.468268 0.337902 3.657570 -6.529024 2.000000 -1.000000 
1.124415 -0.915873 2.701265 -5.564909 2.000000 -1.000000 
1.515775 -1.844569 1.204183 -3.789026 2.000000 -1.000000 
1.608867 -2.456524 -0.258198 -2.353512 2.000000 -1.000000 
1.421235 -2.784565 -1.592828 -0.916837 2.000000 -1.000000 
0.983772 -2.822320 -2.735613 0.527150 0.000000 -1.000000 
0.347367 -2.544545 -3.504566 2.216371 0.000000 -1.000000 
-0.355871 -1.954682 -3.389117 3.614157 0.000000 -1.000000 
-0.971210 -1.136660 -2.723693 4.456203 0.000000 -1.000000 
-1.435007 -0.224060 -1.873182 4.524197 0.000000 -1.000000 
-1.695801 0.615888 -0.672301 3.773985 0.000000 -1.000000 
-1.680544 1.256762 0.876013 2.555724 0.000000 -1.000000 
-1.332133 1.595915 2.603287 0.709338 2.000000 -1.000000 
-0.648651 1.444051 4.106884 -2.303263 2.000000 -1.000000 
0.248750 0.678792 4.707448 -5.155621 2.000000 -1.000000 
1.152862 -0.425503 4.123165 -5.318192 2.000000 -1.000000 
1.849924 -1.318882 2.846283 -3.637939 0.000000 -1.000000 
2.299191 -1.913135 1.695472 -2.450422 2.000000 -1.000000 
2.551022 -2.359343 0.853175 -2.061861 2.000000 -1.000000 
2.649969 -2.744648 0.157377 -1.785020 0.000000 -1.000000 
2.614174 -3.044020 -0.507259 -1.175185 0.000000 -1.000000 
2.444528 3.085396 -1.210886 -0.316478 0.000000 -1.000000 
2.109298 -3.131512 -2.188790 1.031585 0.000000 -1.000000 
1.551158 -2.760684 -3.411592 2.763388 0.000000 -1.000000 
0.756816 -1.976073 -4.462708 5.255982 0.000000 -1.000000 
-0.213863 -0.588933 -5.192122 8.539163 0.000000 -1.000000 
-1.193971 1.091216 -4.277938 7.395076 0.000000 -1.000000 
-1.896236 2.315746 -2.809294 5.099752 0.000000 -1.000000 
-2.343860 -3.073991 -1.747628 3.944093 0.000000 -1.000000 
-2.629158 -2.370128 -1.181382 3.117714 0.000000 0.000000 