-0.545325 0.000000 2.000000 -1.000000 
-0.544162 0.001163 2.000000 -1.000000 
-0.541845 0.002317 2.000000 -1.000000 
-0.538391 0.003454 2.000000 -1.000000 
-0.533827 0.004565 2.000000 -1.000000 
-0.528185 0.005641 2.000000 -1.000000 
-0.521509 0.006676 2.000000 -1.000000 
-0.513849 0.007660 2.000000 -1.000000 
-0.505262 0.008587 2.000000 -1.000000 
-0.495813 0.009449 2.000000 -1.000000 
-0.485572 0.010241 2.000000 -1.000000 
-0.474615 0.010957 2.000000 -1.000000 
-0.463024 0.011591 2.000000 -1.000000 
-0.450885 0.012139 2.000000 -1.000000 
-0.438287 0.012598 2.000000 -1.000000 
-0.425322 0.012965 2.000000 -1.000000 
-0.412084 0.013239 2.000000 -1.000000 
-0.398666 0.013418 2.000000 -1.000000 
-0.385164 0.013502 1.000000 -1.000000 
-0.372670 0.012494 0.000000 -1.000000 
-0.362270 0.010400 2.000000 -1.000000 
-0.352033 0.010237 0.000000 -1.000000 
-0.344027 0.008006 0.000000 -1.000000 
-0.338303 0.005724 0.000000 -1.000000 
-0.334899 0.003404 0.000000 -1.000000 
-0.333835 0.001063 0.000000 -1.000000 
-0.335119 -0.001284 0.000000 -1.000000 
-0.338743 -0.003624 0.000000 -1.000000 
-0.344683 -0.005940 0.000000 -1.000000 
-0.352901 -0.008218 0.000000 -1.000000 
-0.363345 -0.010443 0.000000 -1.000000 
-0.375944 -0.012600 0.000000 -1.000000 
-0.390615 -0.014671 0.000000 -1.000000 
-0.407258 -0.016642 0.000000 -1.000000 
-0.425755 -0.018497 0.000000 -1.000000 
-0.445975 -0.020220 0.000000 -1.000000 
-0.467773 -0.021797 0.000000 -1.000000 
-0.490987 -0.023214 0.000000 -1.000000 
-0.515445 -0.024458 0.000000 -1.000000 
-0.540965 -0.025519 0.000000 -1.000000 
-0.567354 -0.026389 0.000000 -1.000000 
-0.594416 -0.027062 0.000000 -1.000000 
-0.621951 -0.027535 0.000000 -1.000000 
-0.649759 -0.027808 0.000000 -1.000000 
-0.677643 -0.027884 0.000000 -1.000000 
-0.705413 -0.027770 0.000000 -1.000000 
-0.732885 -0.027473 0.000000 -1.000000 
-0.759889 -0.027004 0.000000 -1.000000 
-0.786266 -0.026377 0.000000 -1.000000 
-0.811870 -0.025604 0.000000 -1.000000 
-0.836572 -0.024702 0.000000 -1.000000 
-0.860256 -0.023684 0.000000 -1.000000 
-0.882824 -0.022567 0.000000 -1.000000 
-0.904189 -0.021365 0.000000 -1.000000 
-0.924281 -0.020092 0.000000 -1.000000 
-0.943041 -0.018760 0.000000 -1.000000 
-0.960422 -0.017381 0.000000 -1.000000 
-0.976387 -0.015965 0.000000 -1.000000 
-0.990908 -0.014521 0.000000 -1.000000 
-1.003965 -0.013057 0.000000 -1.000000 
-1.015543 -0.011578 2.000000 -1.000000 
-1.023632 -0.008089 2.000000 -1.000000 
-1.028228 -0.004595 2.000000 -1.000000 
-1.029327 -0.001100 2.000000 -1.000000 
-1.026931 0.002397 2.000000 -1.000000 
-1.021038 0.005892 2.000000 -1.000000 
-1.011654 0.009385 2.000000 -1.000000 
-0.998783 0.012870 2.000000 -1.000000 
-0.982439 0.016344 2.000000 -1.000000 
-0.962642 0.019797 2.000000 -1.000000 
-0.939425 0.023217 2.000000 -1.000000 
-0.912838 0.026587 2.000000 -1.000000 
-0.882951 0.029887 2.000000 -1.000000 
-0.849861 0.033090 2.000000 -1.000000 
-0.813697 0.036164 2.000000 -1.000000 
-0.774621 0.039076 2.000000 -1.000000 
-0.732836 0.041785 2.000000 -1.000000 
-0.688582 0.044254 2.000000 -1.000000 
-0.642141 0.046441 2.000000 -1.000000 
-0.593830 0.048311 2.000000 -1.000000 
-0.543996 0.049834 2.000000 -1.000000 
-0.493008 0.050987 2.000000 -1.000000 
-0.441250 0.051758 2.000000 -1.000000 
-0.389104 0.052147 2.000000 -1.000000 
-0.336939 0.052165 2.000000 -1.000000 
-0.285101 0.051837 2.000000 -1.000000 
-0.233904 0.051197 2.000000 -1.000000 
-0.183616 0.050288 2.000000 -1.000000 
-0.134459 0.049158 2.000000 -1.000000 
-0.086600 0.047858 2.000000 -1.000000 
-0.040158 0.046442 2.000000 -1.000000 
0.004802 0.044960 2.000000 -1.000000 
0.048263 0.043461 2.000000 -1.000000 
0.090250 0.041987 2.000000 -1.000000 
0.130828 0.040578 2.000000 -1.000000 
0.170096 0.039268 2.000000 -1.000000 
0.208182 0.038086 2.000000 -1.000000 
0.245240 0.037058 2.000000 -1.000000 
0.281445 0.036205 2.000000 -1.000000 
0.316990 0.035544 2.000000 -1.000000 
0.352082 0.035092 2.000000 -1.000000 
0.386944 0.034862 2.000000 -1.000000 
0.421809 0.034865 2.000000 -1.000000 
0.456923 0.035114 2.000000 -1.000000 
0.492540 0.035617 2.000000 -1.000000 
-0.536662 0.000000 2.000000 -1.000000 
-0.535564 0.001098 2.000000 -1.000000 
-0.533377 0.002188 2.000000 -1.000000 
-0.530116 0.003261 2.000000 -1.000000 
-0.525806 0.004310 2.000000 -1.000000 
-0.520479 0.005326 2.000000 -1.000000 
-0.514176 0.006303 2.000000 -1.000000 
-0.506944 0.007232 2.000000 -1.000000 
-0.498836 0.008108 2.000000 -1.000000 
-0.489915 0.008922 2.000000 -1.000000 
-0.480245 0.009670 2.000000 -1.000000 
-0.469899 0.010346 2.000000 -1.000000 
-0.458955 0.010945 2.000000 -1.000000 
-0.447492 0.011463 2.000000 -1.000000 
-0.435595 0.011897 2.000000 -1.000000 
-0.423351 0.012244 2.000000 -1.000000 
-0.410847 0.012504 2.000000 -1.000000 
-0.398172 0.012674 2.000000 -1.000000 
-0.385417 0.012756 2.000000 -1.000000 
-0.372668 0.012749 2.000000 -1.000000 
-0.360013 0.012655 0.000000 -1.000000 
-0.349536 0.010477 1.000000 -1.000000 
-0.340306 0.009230 0.000000 -1.000000 
-0.333383 0.006923 0.000000 -1.000000 
-0.328810 0.004573 0.000000 -1.000000 
-0.326616 0.002194 0.000000 -1.000000 
-0.326816 -0.000199 0.000000 -1.000000 
-0.329406 -0.002591 0.000000 -1.000000 
-0.334372 -0.004966 0.000000 -1.000000 
-0.341683 -0.007310 0.000000 -1.000000 
-0.351291 -0.009608 0.000000 -1.000000 
-0.363134 -0.011844 0.000000 -1.000000 
-0.377135 -0.014001 0.000000 -1.000000 
-0.393200 -0.016065 0.000000 -1.000000 
-0.411218 -0.018018 0.000000 -1.000000 
-0.431063 -0.019845 0.000000 -1.000000 
-0.452592 -0.021530 0.000000 -1.000000 
-0.475651 -0.023058 0.000000 -1.000000 
-0.500068 -0.024417 0.000000 -1.000000 
-0.525661 -0.025593 0.000000 -1.000000 
-0.552239 -0.026578 0.000000 -1.000000 
-0.579602 -0.027363 0.000000 -1.000000 
-0.607547 -0.027945 0.000000 -1.000000 
-0.635869 -0.028322 0.000000 -1.000000 
-0.664365 -0.028496 0.000000 -1.000000 
-0.692836 -0.028471 0.000000 -1.000000 
-0.721092 -0.028256 0.000000 -1.000000 
-0.748952 -0.027860 0.000000 -1.000000 
-0.776247 -0.027295 0.000000 -1.000000 
-0.802824 -0.026577 0.000000 -1.000000 
-0.828543 -0.025719 0.000000 -1.000000 
-0.853281 -0.024738 0.000000 -1.000000 
-0.876930 -0.023649 0.000000 -1.000000 
-0.899399 -0.022468 0.000000 -1.000000 
-0.920609 -0.021210 0.000000 -1.000000 
-0.940497 -0.019888 0.000000 -1.000000 
-0.959012 -0.018515 0.000000 -1.000000 
-0.976115 -0.017102 0.000000 -1.000000 
-0.991774 -0.015659 0.000000 -1.000000 
-1.005967 -0.014193 0.000000 -1.000000 
-1.018679 -0.012712 0.000000 -1.000000 
-1.029901 -0.011222 2.000000 -1.000000 
-1.037626 -0.007725 2.000000 -1.000000 
-1.041852 -0.004226 2.000000 -1.000000 
-1.042578 -0.000726 2.000000 -1.000000 
-1.039805 0.002773 2.000000 -1.000000 
-1.033532 0.006273 2.000000 -1.000000 
-1.023761 0.009771 2.000000 -1.000000 
-1.010496 0.013265 2.000000 -1.000000 
-0.993747 0.016749 2.000000 -1.000000 
-0.973530 0.020217 2.000000 -1.000000 
-0.949873 0.023657 2.000000 -1.000000 
-0.922822 0.027051 2.000000 -1.000000 
-0.892443 0.030379 2.000000 -1.000000 
-0.858829 0.033614 2.000000 -1.000000 
-0.822104 0.036725 2.000000 -1.000000 
-0.782427 0.039677 2.000000 -1.000000 
-0.739998 0.042429 2.000000 -1.000000 
-0.695058 0.044940 2.000000 -1.000000 
-0.647888 0.047170 2.000000 -1.000000 
-0.598807 0.049081 2.000000 -1.000000 
-0.548167 0.050640 2.000000 -1.000000 
-0.496343 0.051824 2.000000 -1.000000 
-0.443723 0.052620 2.000000 -1.000000 
-0.390697 0.053027 2.000000 -1.000000 
-0.337640 0.053056 2.000000 -1.000000 
-0.284908 0.052733 2.000000 -1.000000 
-0.232816 0.052092 2.000000 -1.000000 
-0.181639 0.051177 2.000000 -1.000000 
-0.131600 0.050039 2.000000 -1.000000 
-0.082869 0.048731 2.000000 -1.000000 
-0.035561 0.047308 2.000000 -1.000000 
0.010262 0.045822 2.000000 -1.000000 
0.054585 0.044324 2.000000 -1.000000 
0.097442 0.042857 2.000000 -1.000000 
0.138905 0.041463 2.000000 -1.000000 
0.179082 0.040177 2.000000 -1.000000 
0.218112 0.039029 2.000000 -1.000000 
0.256157 0.038046 2.000000 -1.000000 
0.293406 0.037248 2.000000 -1.000000 
0.330061 0.036656 2.000000 -1.000000 
0.366346 0.036284 2.000000 -1.000000 
0.402494 0.036148 2.000000 -1.000000 
0.438754 0.036260 2.000000 -1.000000 
0.475384 0.036630 2.000000 -1.000000 
-0.459467 0.000000 2.000000 -1.000000 
-0.458945 0.000522 2.000000 -1.000000 
-0.457905 0.001040 0.000000 -1.000000 
-0.458355 -0.000449 0.000000 -1.000000 
-0.460290 -0.001936 0.000000 -1.000000 
-0.463698 -0.003408 0.000000 -1.000000 
-0.468552 -0.004854 0.000000 -1.000000 
-0.474818 -0.006265 0.000000 -1.000000 
-0.482448 -0.007630 0.000000 -1.000000 
-0.491385 -0.008938 0.000000 -1.000000 
-0.501564 -0.010179 0.000000 -1.000000 
-0.512909 -0.011344 0.000000 -1.000000 
-0.525333 -0.012424 0.000000 -1.000000 
-0.538744 -0.013411 0.000000 -1.000000 
-0.553042 -0.014298 0.000000 -1.000000 
-0.568119 -0.015077 0.000000 -1.000000 
-0.583864 -0.015744 0.000000 -1.000000 
-0.600158 -0.016295 0.000000 -1.000000 
-0.616884 -0.016726 0.000000 -1.000000 
-0.633919 -0.017035 0.000000 -1.000000 
-0.651142 -0.017223 0.000000 -1.000000 
-0.668431 -0.017289 0.000000 -1.000000 
-0.685668 -0.017237 0.000000 -1.000000 
-0.702737 -0.017069 0.000000 -1.000000 
-0.719526 -0.016789 0.000000 -1.000000 
-0.735928 -0.016403 0.000000 -1.000000 
-0.751844 -0.015916 0.000000 -1.000000 
-0.767179 -0.015335 0.000000 -1.000000 
-0.781845 -0.014666 0.000000 -1.000000 
-0.795762 -0.013917 0.000000 -1.000000 
-0.808857 -0.013095 0.000000 -1.000000 
-0.821065 -0.012208 0.000000 -1.000000 
-0.832326 -0.011261 0.000000 -1.000000 
-0.842589 -0.010263 0.000000 -1.000000 
-0.851808 -0.009219 0.000000 -1.000000 
-0.859944 -0.008137 0.000000 -1.000000 
-0.866965 -0.007021 0.000000 -1.000000 
-0.872842 -0.005877 0.000000 -1.000000 
-0.877554 -0.004712 2.000000 -1.000000 
-0.879083 -0.001528 2.000000 -1.000000 
-0.877422 0.001660 2.000000 -1.000000 
-0.872579 0.004843 2.000000 -1.000000 
-0.864572 0.008008 2.000000 -1.000000 
-0.853430 0.011142 2.000000 -1.000000 
-0.839199 0.014231 2.000000 -1.000000 
-0.821939 0.017260 2.000000 -1.000000 
-0.801728 0.020211 2.000000 -1.000000 
-0.778665 0.023063 2.000000 -1.000000 
-0.752871 0.025794 2.000000 -1.000000 
-0.724489 0.028382 2.000000 -1.000000 
-0.693691 0.030799 2.000000 -1.000000 
-0.660671 0.033020 2.000000 -1.000000 
-0.625652 0.035019 2.000000 -1.000000 
-0.588879 0.036773 2.000000 -1.000000 
-0.550620 0.038259 2.000000 -1.000000 
-0.511159 0.039461 2.000000 -1.000000 
-0.470790 0.040368 2.000000 -1.000000 
-0.429817 0.040974 2.000000 -1.000000 
-0.388537 0.041280 2.000000 -1.000000 
-0.347243 0.041294 2.000000 -1.000000 
-0.306210 0.041032 2.000000 -1.000000 
-0.265695 0.040515 2.000000 -1.000000 
-0.225927 0.039768 2.000000 -1.000000 
-0.187106 0.038821 2.000000 -1.000000 
-0.149402 0.037704 2.000000 -1.000000 
-0.112951 0.036451 2.000000 -1.000000 
-0.077857 0.035093 2.000000 -1.000000 
-0.044196 0.033661 2.000000 -1.000000 
-0.012013 0.032183 2.000000 -1.000000 
0.018672 0.030685 1.000000 -1.000000 
0.046861 0.028189 2.000000 -1.000000 
0.073574 0.026713 2.000000 -1.000000 
0.098848 0.025274 2.000000 -1.000000 
0.122732 0.023883 2.000000 -1.000000 
0.145283 0.022551 2.000000 -1.000000 
0.166567 0.021285 2.000000 -1.000000 
0.186657 0.020090 2.000000 -1.000000 
0.205629 0.018972 2.000000 -1.000000 
0.223562 0.017933 2.000000 -1.000000 
0.240536 0.016974 2.000000 -1.000000 
0.256634 0.016097 2.000000 -1.000000 
0.271936 0.015303 2.000000 -1.000000 
0.286526 0.014589 2.000000 -1.000000 
0.300483 0.013957 2.000000 -1.000000 
0.313889 0.013406 2.000000 -1.000000 
0.326824 0.012935 2.000000 -1.000000 
0.339368 0.012544 2.000000 -1.000000 
0.351599 0.012231 2.000000 -1.000000 
0.363597 0.011998 2.000000 -1.000000 
0.375440 0.011843 2.000000 -1.000000 
0.387208 0.011768 2.000000 -1.000000 
0.398981 0.011774 2.000000 -1.000000 
0.410842 0.011861 2.000000 -1.000000 
0.422873 0.012031 2.000000 -1.000000 
0.435160 0.012287 2.000000 -1.000000 
0.447791 0.012631 2.000000 -1.000000 
0.460859 0.013068 2.000000 -1.000000 
0.474459 0.013600 2.000000 -1.000000 
0.488691 0.014233 2.000000 -1.000000 
-0.470583 0.000000 2.000000 -1.000000 
-0.469979 0.000604 2.000000 -1.000000 
-0.468775 0.001204 2.000000 -1.000000 
-0.466981 0.001794 2.000000 -1.000000 
-0.464609 0.002372 2.000000 -1.000000 
-0.461677 0.002932 2.000000 -1.000000 
-0.458208 0.003470 2.000000 -1.000000 
-0.454225 0.003983 2.000000 -1.000000 
-0.449759 0.004466 2.000000 -1.000000 
-0.444842 0.004917 2.000000 -1.000000 
-0.439511 0.005332 2.000000 -1.000000 
-0.433803 0.005708 0.000000 -1.000000 
-0.429761 0.004042 0.000000 -1.000000 
-0.427413 0.002348 0.000000 -1.000000 
-0.426777 0.000636 0.000000 -1.000000 
-0.427857 -0.001080 0.000000 -1.000000 
-0.430645 -0.002788 0.000000 -1.000000 
-0.435121 -0.004476 0.000000 -1.000000 
-0.441253 -0.006132 0.000000 -1.000000 
-0.448996 -0.007743 0.000000 -1.000000 
-0.458294 -0.009298 0.000000 -1.000000 
-0.469079 -0.010785 0.000000 -1.000000 
-0.481271 -0.012192 0.000000 -1.000000 
-0.494780 -0.013508 0.000000 -1.000000 
-0.509504 -0.014724 0.000000 -1.000000 
-0.525334 -0.015830 0.000000 -1.000000 
-0.542151 -0.016817 0.000000 -1.000000 
-0.559829 -0.017678 0.000000 -1.000000 
-0.578236 -0.018407 0.000000 -1.000000 
-0.597235 -0.018999 0.000000 -1.000000 
-0.616686 -0.019451 0.000000 -1.000000 
-0.636448 -0.019762 0.000000 -1.000000 
-0.656379 -0.019932 0.000000 -1.000000 
-0.676341 -0.019962 0.000000 -1.000000 
-0.696197 -0.019856 0.000000 -1.000000 
-0.715816 -0.019619 0.000000 -1.000000 
-0.735071 -0.019256 0.000000 -1.000000 
-0.753845 -0.018774 0.000000 -1.000000 
-0.772026 -0.018181 0.000000 -1.000000 
-0.789512 -0.017486 0.000000 -1.000000 
-0.806208 -0.016696 0.000000 -1.000000 
-0.822029 -0.015822 0.000000 -1.000000 
-0.836900 -0.014871 0.000000 -1.000000 
-0.850752 -0.013852 0.000000 -1.000000 
-0.863525 -0.012774 0.000000 -1.000000 
-0.875169 -0.011644 0.000000 -1.000000 
-0.885638 -0.010469 0.000000 -1.000000 
-0.894895 -0.009257 0.000000 -1.000000 
-0.902908 -0.008014 0.000000 -1.000000 
-0.909652 -0.006744 0.000000 -1.000000 
-0.915106 -0.005454 0.000000 -1.000000 
-0.919254 -0.004148 2.000000 -1.000000 
-0.920084 -0.000830 2.000000 -1.000000 
-0.917593 0.002491 2.000000 -1.000000 
-0.911788 0.005804 2.000000 -1.000000 
-0.902688 0.009101 2.000000 -1.000000 
-0.890318 0.012370 2.000000 -1.000000 
-0.874720 0.015598 2.000000 -1.000000 
-0.855950 0.018770 2.000000 -1.000000 
-0.834080 0.021870 2.000000 -1.000000 
-0.809204 0.024876 2.000000 -1.000000 
-0.781438 0.027766 2.000000 -1.000000 
-0.750926 0.030512 2.000000 -1.000000 
-0.717837 0.033088 2.000000 -1.000000 
-0.682373 0.035464 2.000000 -1.000000 
-0.644763 0.037610 2.000000 -1.000000 
-0.605264 0.039499 2.000000 -1.000000 
-0.564159 0.041105 2.000000 -1.000000 
-0.521750 0.042409 2.000000 -1.000000 
-0.478355 0.043395 2.000000 -1.000000 
-0.434298 0.044057 2.000000 -1.000000 
-0.389903 0.044395 2.000000 -1.000000 
-0.345484 0.044419 2.000000 -1.000000 
-0.301338 0.044146 2.000000 -1.000000 
-0.257739 0.043600 2.000000 -1.000000 
-0.214928 0.042810 2.000000 -1.000000 
-0.173116 0.041812 2.000000 -1.000000 
-0.132474 0.040642 2.000000 -1.000000 
-0.093137 0.039337 2.000000 -1.000000 
-0.055203 0.037934 1.000000 -1.000000 
-0.019735 0.035468 2.000000 -1.000000 
0.014237 0.033972 2.000000 -1.000000 
0.046712 0.032475 2.000000 -1.000000 
0.077711 0.030999 2.000000 -1.000000 
0.107278 0.029567 2.000000 -1.000000 
0.135473 0.028195 2.000000 -1.000000 
0.162371 0.026899 2.000000 -1.000000 
0.188061 0.025690 2.000000 -1.000000 
0.212638 0.024577 2.000000 -1.000000 
0.236207 0.023569 2.000000 -1.000000 
0.258877 0.022671 2.000000 -1.000000 
0.280764 0.021887 2.000000 -1.000000 
0.301987 0.021223 2.000000 -1.000000 
0.322668 0.020681 2.000000 -1.000000 
0.342931 0.020263 2.000000 -1.000000 
0.362905 0.019974 2.000000 -1.000000 
0.382719 0.019815 2.000000 -1.000000 
0.402508 0.019789 2.000000 -1.000000 
0.422409 0.019901 2.000000 -1.000000 
0.442563 0.020153 2.000000 -1.000000 
0.463114 0.020552 2.000000 -1.000000 
0.484215 0.021101 2.000000 -1.000000 
-0.572516 0.000000 2.000000 -1.000000 
-0.571150 0.001366 2.000000 -1.000000 
-0.568429 0.002721 2.000000 -1.000000 
-0.564373 0.004056 2.000000 -1.000000 
-0.559012 0.005361 2.000000 -1.000000 
-0.552386 0.006626 2.000000 -1.000000 
-0.544544 0.007842 2.000000 -1.000000 
-0.535545 0.008999 2.000000 -1.000000 
-0.525456 0.010089 2.000000 -1.000000 
-0.514354 0.011102 2.000000 -1.000000 
-0.502321 0.012033 2.000000 -1.000000 
-0.489447 0.012874 2.000000 -1.000000 
-0.475829 0.013618 2.000000 -1.000000 
-0.461568 0.014261 2.000000 -1.000000 
-0.446770 0.014798 2.000000 -1.000000 
-0.431542 0.015227 2.000000 -1.000000 
-0.415997 0.015546 2.000000 -1.000000 
-0.400244 0.015752 2.000000 -1.000000 
-0.384396 0.015848 2.000000 -1.000000 
-0.368562 0.015834 2.000000 -1.000000 
-0.352848 0.015713 0.000000 -1.000000 
-0.339361 0.013488 0.000000 -1.000000 
-0.328186 0.011175 0.000000 -1.000000 
-0.319393 0.008792 0.000000 -1.000000 
-0.313039 0.006355 0.000000 -1.000000 
-0.309160 0.003878 0.000000 -1.000000 
-0.307782 0.001379 0.000000 -1.000000 
-0.308911 -0.001129 0.000000 -1.000000 
-0.312541 -0.003630 0.000000 -1.000000 
-0.318651 -0.006110 0.000000 -1.000000 
-0.327202 -0.008552 0.000000 -1.000000 
-0.338143 -0.010941 0.000000 -1.000000 
-0.351404 -0.013261 0.000000 -1.000000 
-0.366900 -0.015496 0.000000 -1.000000 
-0.384529 -0.017628 0.000000 -1.000000 
-0.404170 -0.019641 0.000000 -1.000000 
-0.425688 -0.021518 0.000000 -1.000000 
-0.448930 -0.023242 0.000000 -1.000000 
-0.473727 -0.024797 0.000000 -1.000000 
-0.499897 -0.026170 0.000000 -1.000000 
-0.527244 -0.027347 0.000000 -1.000000 
-0.555564 -0.028320 0.000000 -1.000000 
-0.584645 -0.029081 0.000000 -1.000000 
-0.614270 -0.029625 0.000000 -1.000000 
-0.644224 -0.029954 0.000000 -1.000000 
-0.674293 -0.030069 0.000000 -1.000000 
-0.704269 -0.029977 0.000000 -1.000000 
-0.733956 -0.029687 0.000000 -1.000000 
-0.763168 -0.029212 0.000000 -1.000000 
-0.791734 -0.028566 0.000000 -1.000000 
-0.819499 -0.027765 0.000000 -1.000000 
-0.846325 -0.026826 0.000000 -1.000000 
-0.872091 -0.025766 0.000000 -1.000000 
-0.896694 -0.024603 0.000000 -1.000000 
-0.920048 -0.023354 0.000000 -1.000000 
-0.942081 -0.022033 0.000000 -1.000000 
-0.962738 -0.020657 0.000000 -1.000000 
-0.981975 -0.019237 0.000000 -1.000000 
-0.999759 -0.017784 0.000000 -1.000000 
-1.016068 -0.016310 0.000000 -1.000000 
-1.030889 -0.014820 0.000000 -1.000000 
-1.044212 -0.013323 0.000000 -1.000000 
-1.056036 -0.011824 0.000000 -1.000000 
-1.066360 -0.010324 2.000000 -1.000000 
-1.073189 -0.006829 2.000000 -1.000000 
-1.076525 -0.003336 2.000000 -1.000000 
-1.076370 0.000154 2.000000 -1.000000 
-1.072726 0.003645 2.000000 -1.000000 
-1.065588 0.007137 2.000000 -1.000000 
-1.054955 0.010634 2.000000 -1.000000 
-1.040822 0.014133 2.000000 -1.000000 
-1.023190 0.017632 2.000000 -1.000000 
-1.002064 0.021126 2.000000 -1.000000 
-0.977461 0.024603 2.000000 -1.000000 
-0.949412 0.028049 2.000000 -1.000000 
-0.917971 0.031442 2.000000 -1.000000 
-0.883214 0.034756 2.000000 -1.000000 
-0.845255 0.037960 2.000000 -1.000000 
-0.804240 0.041015 2.000000 -1.000000 
-0.760360 0.043880 2.000000 -1.000000 
-0.713850 0.046510 2.000000 -1.000000 
-0.664990 0.048860 2.000000 -1.000000 
-0.614101 0.050889 2.000000 -1.000000 
-0.561541 0.052560 2.000000 -1.000000 
-0.507697 0.053844 2.000000 -1.000000 
-0.452973 0.054725 2.000000 -1.000000 
-0.397774 0.055199 2.000000 -1.000000 
-0.342497 0.055277 2.000000 -1.000000 
-0.287512 0.054985 2.000000 -1.000000 
-0.233153 0.054359 2.000000 -1.000000 
-0.179707 0.053446 2.000000 -1.000000 
-0.127407 0.052300 2.000000 -1.000000 
-0.076427 0.050981 2.000000 -1.000000 
-0.026880 0.049546 2.000000 -1.000000 
0.021174 0.048054 2.000000 -1.000000 
0.067733 0.046559 2.000000 -1.000000 
0.112844 0.045111 2.000000 -1.000000 
0.156596 0.043753 2.000000 -1.000000 
0.199120 0.042523 2.000000 -1.000000 
0.240576 0.041456 2.000000 -1.000000 
0.281156 0.040580 2.000000 -1.000000 
0.321073 0.039917 2.000000 -1.000000 
0.360563 0.039490 2.000000 -1.000000 
0.399879 0.039316 2.000000 -1.000000 
0.439288 0.039409 2.000000 -1.000000 
0.479072 0.039783 2.000000 -1.000000 
-0.503669 0.000000 2.000000 -1.000000 
-0.502819 0.000851 2.000000 -1.000000 
-0.501124 0.001695 2.000000 -1.000000 
-0.498597 0.002526 2.000000 -1.000000 
-0.495258 0.003339 2.000000 -1.000000 
-0.491131 0.004127 2.000000 -1.000000 
-0.486248 0.004884 2.000000 -1.000000 
-0.480644 0.005604 2.000000 -1.000000 
-0.474361 0.006283 2.000000 -1.000000 
-0.467446 0.006915 2.000000 -1.000000 
-0.459950 0.007496 2.000000 -1.000000 
-0.451929 0.008021 2.000000 -1.000000 
-0.443441 0.008488 2.000000 -1.000000 
-0.434548 0.008892 2.000000 -1.000000 
-0.425316 0.009233 2.000000 -1.000000 
-0.415810 0.009506 2.000000 -1.000000 
-0.406098 0.009712 0.000000 -1.000000 
-0.398250 0.007849 0.000000 -1.000000 
-0.392319 0.005930 0.000000 -1.000000 
-0.388348 0.003971 0.000000 -1.000000 
-0.386364 0.001984 0.000000 -1.000000 
-0.386380 -0.000016 0.000000 -1.000000 
-0.388397 -0.002016 0.000000 -1.000000 
-0.392399 -0.004003 0.000000 -1.000000 
-0.398361 -0.005962 0.000000 -1.000000 
-0.406240 -0.007879 0.000000 -1.000000 
-0.415981 -0.009741 0.000000 -1.000000 
-0.427516 -0.011534 0.000000 -1.000000 
-0.440761 -0.013245 0.000000 -1.000000 
-0.455621 -0.014860 0.000000 -1.000000 
-0.471987 -0.016366 0.000000 -1.000000 
-0.489739 -0.017752 0.000000 -1.000000 
-0.508744 -0.019005 0.000000 -1.000000 
-0.528861 -0.020117 0.000000 -1.000000 
-0.549938 -0.021077 0.000000 -1.000000 
-0.571818 -0.021880 0.000000 -1.000000 
-0.594337 -0.022519 0.000000 -1.000000 
-0.617330 -0.022993 0.000000 -1.000000 
-0.640629 -0.023299 0.000000 -1.000000 
-0.664069 -0.023439 0.000000 -1.000000 
-0.687485 -0.023417 0.000000 -1.000000 
-0.710722 -0.023237 0.000000 -1.000000 
-0.733628 -0.022906 0.000000 -1.000000 
-0.756060 -0.022433 0.000000 -1.000000 
-0.777887 -0.021827 0.000000 -1.000000 
-0.798987 -0.021100 0.000000 -1.000000 
-0.819248 -0.020261 0.000000 -1.000000 
-0.838571 -0.019323 0.000000 -1.000000 
-0.856869 -0.018297 0.000000 -1.000000 
-0.874063 -0.017194 0.000000 -1.000000 
-0.890086 -0.016024 0.000000 -1.000000 
-0.904882 -0.014796 0.000000 -1.000000 
-0.918403 -0.013521 0.000000 -1.000000 
-0.930608 -0.012205 0.000000 -1.000000 
-0.941464 -0.010856 0.000000 -1.000000 
-0.950945 -0.009481 0.000000 -1.000000 
-0.959029 -0.008084 2.000000 -1.000000 
-0.963701 -0.004671 2.000000 -1.000000 
-0.964950 -0.001249 2.000000 -1.000000 
-0.962775 0.002175 2.000000 -1.000000 
-0.957180 0.005595 2.000000 -1.000000 
-0.948176 0.009005 2.000000 -1.000000 
-0.935781 0.012395 2.000000 -1.000000 
-0.920024 0.015757 2.000000 -1.000000 
-0.900947 0.019077 2.000000 -1.000000 
-0.878607 0.022340 2.000000 -1.000000 
-0.853080 0.025527 2.000000 -1.000000 
-0.824465 0.028615 2.000000 -1.000000 
-0.792888 0.031577 2.000000 -1.000000 
-0.758503 0.034384 2.000000 -1.000000 
-0.721499 0.037004 2.000000 -1.000000 
-0.682097 0.039403 2.000000 -1.000000 
-0.640550 0.041547 2.000000 -1.000000 
-0.597143 0.043406 2.000000 -1.000000 
-0.552190 0.044953 2.000000 -1.000000 
-0.506023 0.046168 2.000000 -1.000000 
-0.458987 0.047036 2.000000 -1.000000 
-0.411433 0.047554 2.000000 -1.000000 
-0.363704 0.047729 2.000000 -1.000000 
-0.316129 0.047575 2.000000 -1.000000 
-0.269011 0.047117 2.000000 -1.000000 
-0.222623 0.046388 2.000000 -1.000000 
-0.177198 0.045426 2.000000 -1.000000 
-0.132927 0.044271 2.000000 -1.000000 
-0.089960 0.042967 2.000000 -1.000000 
-0.048403 0.041557 2.000000 -1.000000 
-0.008320 0.040083 2.000000 -1.000000 
0.030265 0.038584 2.000000 -1.000000 
0.067359 0.037095 2.000000 -1.000000 
0.103005 0.035645 2.000000 -1.000000 
0.137269 0.034264 2.000000 -1.000000 
0.170241 0.032973 2.000000 -1.000000 
0.202033 0.031792 2.000000 -1.000000 
0.232770 0.030737 2.000000 -1.000000 
0.262593 0.029822 2.000000 -1.000000 
0.291652 0.029059 2.000000 -1.000000 
0.320108 0.028456 2.000000 -1.000000 
0.348131 0.028023 2.000000 -1.000000 
0.375898 0.027767 2.000000 -1.000000 
0.403593 0.027695 2.000000 -1.000000 
0.431408 0.027814 2.000000 -1.000000 
0.459539 0.028132 2.000000 -1.000000 
0.488194 0.028654 2.000000 -1.000000 
-0.579454 0.000000 2.000000 -1.000000 
-0.578037 0.001417 2.000000 -1.000000 
-0.575214 0.002823 2.000000 -1.000000 
-0.571005 0.004209 2.000000 -1.000000 
-0.565442 0.005563 2.000000 -1.000000 
-0.558565 0.006876 2.000000 -1.000000 
-0.550427 0.008138 2.000000 -1.000000 
-0.541088 0.009339 2.000000 -1.000000 
-0.530618 0.010470 2.000000 -1.000000 
-0.519095 0.011523 2.000000 -1.000000 
-0.506606 0.012489 2.000000 -1.000000 
-0.493244 0.013362 2.000000 -1.000000 
-0.479110 0.014134 2.000000 -1.000000 
-0.464308 0.014802 2.000000 -1.000000 
-0.448949 0.015359 2.000000 -1.000000 
-0.433145 0.015804 2.000000 -1.000000 
-0.417011 0.016134 2.000000 -1.000000 
-0.400662 0.016348 2.000000 -1.000000 
-0.384216 0.016447 2.000000 -1.000000 
-0.367784 0.016432 0.000000 -1.000000 
-0.353479 0.014305 0.000000 -1.000000 
-0.341395 0.012084 0.000000 -1.000000 
-0.331610 0.009784 0.000000 -1.000000 
-0.324187 0.007423 0.000000 -1.000000 
-0.319172 0.005015 0.000000 -1.000000 
-0.316596 0.002576 0.000000 -1.000000 
-0.316475 0.000121 0.000000 -1.000000 
-0.318809 -0.002334 0.000000 -1.000000 
-0.323584 -0.004775 0.000000 -1.000000 
-0.330771 -0.007187 0.000000 -1.000000 
-0.340325 -0.009554 0.000000 -1.000000 
-0.352185 -0.011860 0.000000 -1.000000 
-0.366274 -0.014090 0.000000 -1.000000 
-0.382501 -0.016226 0.000000 -1.000000 
-0.400754 -0.018253 0.000000 -1.000000 
-0.420908 -0.020154 0.000000 -1.000000 
-0.442820 -0.021912 0.000000 -1.000000 
-0.466331 -0.023512 0.000000 -1.000000 
-0.491271 -0.024939 0.000000 -1.000000 
-0.517452 -0.026181 0.000000 -1.000000 
-0.544679 -0.027227 0.000000 -1.000000 
-0.572749 -0.028069 0.000000 -1.000000 
-0.601451 -0.028702 0.000000 -1.000000 
-0.630574 -0.029124 0.000000 -1.000000 
-0.659909 -0.029335 0.000000 -1.000000 
-0.689250 -0.029341 0.000000 -1.000000 
-0.718399 -0.029149 0.000000 -1.000000 
-0.747169 -0.028770 0.000000 -1.000000 
-0.775385 -0.028216 0.000000 -1.000000 
-0.802887 -0.027502 0.000000 -1.000000 
-0.829531 -0.026644 0.000000 -1.000000 
-0.855189 -0.025658 0.000000 -1.000000 
-0.879751 -0.024562 0.000000 -1.000000 
-0.903121 -0.023371 0.000000 -1.000000 
-0.925222 -0.022100 0.000000 -1.000000 
-0.945988 -0.020766 0.000000 -1.000000 
-0.965368 -0.019380 0.000000 -1.000000 
-0.983323 -0.017955 0.000000 -1.000000 
-0.999824 -0.016501 0.000000 -1.000000 
-1.014851 -0.015026 0.000000 -1.000000 
-1.028389 -0.013538 1.000000 -1.000000 
-1.039431 -0.011042 1.000000 -1.000000 
-1.047973 -0.008543 0.000000 -1.000000 
-1.055016 -0.007043 2.000000 -1.000000 
-1.058559 -0.003543 2.000000 -1.000000 
-1.058604 -0.000045 2.000000 -1.000000 
-1.055151 0.003454 2.000000 -1.000000 
-1.048198 0.006953 2.000000 -1.000000 
-1.037745 0.010453 2.000000 -1.000000 
-1.023793 0.013952 2.000000 -1.000000 
-1.006347 0.017446 2.000000 -1.000000 
-0.985420 0.020927 2.000000 -1.000000 
-0.961035 0.024384 2.000000 -1.000000 
-0.933234 0.027801 2.000000 -1.000000 
-0.902078 0.031157 2.000000 -1.000000 
-0.867654 0.034423 2.000000 -1.000000 
-0.830085 0.037569 2.000000 -1.000000 
-0.789528 0.040558 2.000000 -1.000000 
-0.746180 0.043347 2.000000 -1.000000 
-0.700285 0.045895 2.000000 -1.000000 
-0.652126 0.048159 2.000000 -1.000000 
-0.602027 0.050099 2.000000 -1.000000 
-0.550345 0.051682 2.000000 -1.000000 
-0.497462 0.052882 2.000000 -1.000000 
-0.443776 0.053687 2.000000 -1.000000 
-0.389682 0.054094 2.000000 -1.000000 
-0.335566 0.054116 2.000000 -1.000000 
-0.281786 0.053779 2.000000 -1.000000 
-0.228666 0.053121 2.000000 -1.000000 
-0.176479 0.052186 2.000000 -1.000000 
-0.125451 0.051029 2.000000 -1.000000 
-0.075747 0.049704 2.000000 -1.000000 
-0.027479 0.048268 2.000000 -1.000000 
0.019297 0.046776 2.000000 -1.000000 
0.064578 0.045281 2.000000 -1.000000 
0.108405 0.043827 2.000000 -1.000000 
0.150863 0.042458 2.000000 -1.000000 
0.192074 0.041210 2.000000 -1.000000 
0.232187 0.040114 2.000000 -1.000000 
0.271383 0.039196 2.000000 -1.000000 
0.309863 0.038480 2.000000 -1.000000 
0.347848 0.037984 2.000000 -1.000000 
0.385574 0.037727 2.000000 -1.000000 
0.423295 0.037721 2.000000 -1.000000 
0.461275 0.037980 2.000000 -1.000000 
0.499790 0.038515 2.000000 -1.000000 
-0.407148 0.000000 0.000000 -1.000000 
-0.409004 -0.001856 0.000000 -1.000000 
-0.412702 -0.003698 0.000000 -1.000000 
-0.418217 -0.005515 0.000000 -1.000000 
-0.425509 -0.007292 0.000000 -1.000000 
-0.434527 -0.009017 0.000000 -1.000000 
-0.445204 -0.010677 0.000000 -1.000000 
-0.457464 -0.012260 0.000000 -1.000000 
-0.471216 -0.013753 0.000000 -1.000000 
-0.486360 -0.015144 0.000000 -1.000000 
-0.502783 -0.016423 0.000000 -1.000000 
-0.520361 -0.017579 0.000000 -1.000000 
-0.538964 -0.018603 0.000000 -1.000000 
-0.558452 -0.019488 0.000000 -1.000000 
-0.578679 -0.020227 0.000000 -1.000000 
-0.599494 -0.020816 0.000000 -1.000000 
-0.620745 -0.021251 0.000000 -1.000000 
-0.642278 -0.021533 0.000000 -1.000000 
-0.663940 -0.021661 0.000000 -1.000000 
-0.685580 -0.021640 0.000000 -1.000000 
-0.707052 -0.021472 0.000000 -1.000000 
-0.728216 -0.021165 0.000000 -1.000000 
-0.748941 -0.020725 0.000000 -1.000000 
-0.769101 -0.020160 0.000000 -1.000000 
-0.788582 -0.019481 0.000000 -1.000000 
-0.807279 -0.018697 0.000000 -1.000000 
-0.825096 -0.017817 0.000000 -1.000000 
-0.841947 -0.016851 0.000000 -1.000000 
-0.857757 -0.015810 0.000000 -1.000000 
-0.872461 -0.014703 0.000000 -1.000000 
-0.886000 -0.013539 0.000000 -1.000000 
-0.898326 -0.012326 0.000000 -1.000000 
-0.909397 -0.011071 0.000000 -1.000000 
-0.919179 -0.009782 0.000000 -1.000000 
-0.927642 -0.008464 0.000000 -1.000000 
-0.934765 -0.007123 2.000000 -1.000000 
-0.938529 -0.003764 2.000000 -1.000000 
-0.938924 -0.000395 2.000000 -1.000000 
-0.935951 0.002974 2.000000 -1.000000 
-0.929615 0.006336 2.000000 -1.000000 
-0.919933 0.009682 2.000000 -1.000000 
-0.906931 0.013002 2.000000 -1.000000 
-0.890647 0.016284 2.000000 -1.000000 
-0.871134 0.019513 2.000000 -1.000000 
-0.848461 0.022672 2.000000 -1.000000 
-0.822720 0.025741 2.000000 -1.000000 
-0.794025 0.028695 2.000000 -1.000000 
-0.762516 0.031508 2.000000 -1.000000 
-0.728366 0.034151 2.000000 -1.000000 
-0.691774 0.036592 2.000000 -1.000000 
-0.652974 0.038800 2.000000 -1.000000 
-0.612228 0.040746 2.000000 -1.000000 
-0.569824 0.042403 2.000000 -1.000000 
-0.526076 0.043749 2.000000 -1.000000 
-0.481308 0.044767 2.000000 -1.000000 
-0.435857 0.045451 2.000000 -1.000000 
-0.390057 0.045800 2.000000 -1.000000 
-0.344231 0.045826 2.000000 -1.000000 
-0.298687 0.045544 2.000000 -1.000000 
-0.253705 0.044983 2.000000 -1.000000 
-0.209532 0.044172 2.000000 -1.000000 
-0.166382 0.043150 2.000000 -1.000000 
-0.124427 0.041955 2.000000 -1.000000 
-0.083800 0.040627 2.000000 -1.000000 
-0.044594 0.039206 2.000000 -1.000000 
-0.006865 0.037728 2.000000 -1.000000 
0.029364 0.036229 2.000000 -1.000000 
0.064102 0.034739 2.000000 -1.000000 
0.097387 0.033285 2.000000 -1.000000 
0.129277 0.031891 2.000000 -1.000000 
0.159854 0.030576 2.000000 -1.000000 
0.189212 0.029358 2.000000 -1.000000 
0.217462 0.028250 2.000000 -1.000000 
0.244726 0.027264 2.000000 -1.000000 
0.271134 0.026408 2.000000 -1.000000 
0.296824 0.025690 2.000000 -1.000000 
0.321941 0.025118 2.000000 -1.000000 
0.346637 0.024696 2.000000 -1.000000 
0.371067 0.024430 2.000000 -1.000000 
0.395393 0.024325 2.000000 -1.000000 
0.419780 0.024387 2.000000 -1.000000 
0.444401 0.024621 2.000000 -1.000000 
0.469434 0.025033 2.000000 -1.000000 
0.495063 0.025629 2.000000 -1.000000 
-0.504078 0.000000 2.000000 -1.000000 
-0.503224 0.000854 2.000000 -1.000000 
-0.501523 0.001701 2.000000 -1.000000 
-0.498988 0.002536 2.000000 -1.000000 
-0.495637 0.003351 2.000000 -1.000000 
-0.491495 0.004142 2.000000 -1.000000 
-0.486594 0.004901 2.000000 -1.000000 
-0.480969 0.005624 2.000000 -1.000000 
-0.474664 0.006305 2.000000 -1.000000 
-0.467724 0.006940 2.000000 -1.000000 
-0.460202 0.007523 2.000000 -1.000000 
-0.452152 0.008050 2.000000 -1.000000 
-0.443634 0.008518 2.000000 -1.000000 
-0.434709 0.008924 2.000000 -1.000000 
-0.425444 0.009265 2.000000 -1.000000 
-0.415904 0.009540 2.000000 -1.000000 
-0.406158 0.009746 1.000000 -1.000000 
-0.397274 0.008883 2.000000 -1.000000 
-0.388316 0.008959 0.000000 -1.000000 
-0.381344 0.006972 0.000000 -1.000000 
-0.376408 0.004937 0.000000 -1.000000 
-0.373539 0.002868 0.000000 -1.000000 
-0.372759 0.000780 0.000000 -1.000000 
-0.374071 -0.001313 0.000000 -1.000000 
-0.377468 -0.003397 0.000000 -1.000000 
-0.382926 -0.005458 0.000000 -1.000000 
-0.390408 -0.007482 0.000000 -1.000000 
-0.399863 -0.009455 0.000000 -1.000000 
-0.411224 -0.011361 0.000000 -1.000000 
-0.424413 -0.013188 0.000000 -1.000000 
-0.439334 -0.014921 0.000000 -1.000000 
-0.455881 -0.016547 0.000000 -1.000000 
-0.473932 -0.018051 0.000000 -1.000000 
-0.493354 -0.019422 0.000000 -1.000000 
-0.514002 -0.020649 0.000000 -1.000000 
-0.535723 -0.021721 0.000000 -1.000000 
-0.558353 -0.022630 0.000000 -1.000000 
-0.581722 -0.023370 0.000000 -1.000000 
-0.605658 -0.023936 0.000000 -1.000000 
-0.629985 -0.024327 0.000000 -1.000000 
-0.654527 -0.024542 0.000000 -1.000000 
-0.679112 -0.024585 0.000000 -1.000000 
-0.703573 -0.024461 0.000000 -1.000000 
-0.727748 -0.024176 0.000000 -1.000000 
-0.751487 -0.023738 0.000000 -1.000000 
-0.774646 -0.023159 0.000000 -1.000000 
-0.797096 -0.022449 0.000000 -1.000000 
-0.818716 -0.021621 0.000000 -1.000000 
-0.839402 -0.020685 0.000000 -1.000000 
-0.859057 -0.019656 0.000000 -1.000000 
-0.877601 -0.018543 0.000000 -1.000000 
-0.894961 -0.017360 0.000000 -1.000000 
-0.911077 -0.016116 0.000000 -1.000000 
-0.925899 -0.014822 0.000000 -1.000000 
-0.939385 -0.013486 0.000000 -1.000000 
-0.951500 -0.012115 0.000000 -1.000000 
-0.962217 -0.010718 0.000000 -1.000000 
-0.971516 -0.009298 0.000000 -1.000000 
-0.979378 -0.007862 0.000000 -1.000000 
-0.985792 -0.006414 2.000000 -1.000000 
-0.988749 -0.002956 2.000000 -1.000000 
-0.988243 0.000505 2.000000 -1.000000 
-0.984277 0.003966 2.000000 -1.000000 
-0.976855 0.007422 2.000000 -1.000000 
-0.965989 0.010866 2.000000 -1.000000 
-0.951696 0.014293 2.000000 -1.000000 
-0.934005 0.017691 2.000000 -1.000000 
-0.912957 0.021048 2.000000 -1.000000 
-0.888609 0.024348 2.000000 -1.000000 
-0.861039 0.027570 2.000000 -1.000000 
-0.830349 0.030690 2.000000 -1.000000 
-0.796669 0.033680 2.000000 -1.000000 
-0.760162 0.036506 2.000000 -1.000000 
-0.721027 0.039135 2.000000 -1.000000 
-0.679496 0.041531 2.000000 -1.000000 
-0.635838 0.043658 2.000000 -1.000000 
-0.590354 0.045484 2.000000 -1.000000 
-0.543372 0.046981 2.000000 -1.000000 
-0.495243 0.048130 2.000000 -1.000000 
-0.446326 0.048917 2.000000 -1.000000 
-0.396983 0.049343 2.000000 -1.000000 
-0.347567 0.049416 2.000000 -1.000000 
-0.298411 0.049156 2.000000 -1.000000 
-0.249818 0.048593 2.000000 -1.000000 
-0.202055 0.047763 2.000000 -1.000000 
-0.155347 0.046708 2.000000 -1.000000 
-0.109873 0.045475 2.000000 -1.000000 
-0.065763 0.044109 2.000000 -1.000000 
-0.023106 0.042658 2.000000 -1.000000 
0.018058 0.041164 2.000000 -1.000000 
0.057725 0.039667 2.000000 -1.000000 
0.095930 0.038205 2.000000 -1.000000 
0.132738 0.036808 2.000000 -1.000000 
0.168241 0.035503 2.000000 -1.000000 
0.202556 0.034315 2.000000 -1.000000 
0.235819 0.033263 2.000000 -1.000000 
0.268181 0.032362 2.000000 -1.000000 
0.299810 0.031629 2.000000 -1.000000 
0.330884 0.031074 2.000000 -1.000000 
0.361591 0.030708 2.000000 -1.000000 
0.392131 0.030540 2.000000 -1.000000 
0.422710 0.030579 2.000000 -1.000000 
0.453544 0.030834 2.000000 -1.000000 
0.484856 0.031312 2.000000 -1.000000 
-0.423963 0.000000 0.000000 -1.000000 
-0.425699 -0.001736 0.000000 -1.000000 
-0.429159 -0.003460 0.000000 -1.000000 
-0.434318 -0.005159 0.000000 -1.000000 
-0.441139 -0.006820 0.000000 -1.000000 
-0.449571 -0.008433 0.000000 -1.000000 
-0.459554 -0.009983 0.000000 -1.000000 
-0.471015 -0.011461 0.000000 -1.000000 
-0.483868 -0.012853 0.000000 -1.000000 
-0.498019 -0.014151 0.000000 -1.000000 
-0.513361 -0.015342 0.000000 -1.000000 
-0.529780 -0.016419 0.000000 -1.000000 
-0.547153 -0.017373 0.000000 -1.000000 
-0.565349 -0.018196 0.000000 -1.000000 
-0.584233 -0.018884 0.000000 -1.000000 
-0.603665 -0.019432 0.000000 -1.000000 
-0.623502 -0.019837 0.000000 -1.000000 
-0.643600 -0.020099 0.000000 -1.000000 
-0.663818 -0.020218 0.000000 -1.000000 
-0.684016 -0.020197 0.000000 -1.000000 
-0.704056 -0.020040 0.000000 -1.000000 
-0.723807 -0.019752 0.000000 -1.000000 
-0.743146 -0.019339 0.000000 -1.000000 
-0.761955 -0.018809 0.000000 -1.000000 
-0.780124 -0.018170 0.000000 -1.000000 
-0.797554 -0.017430 0.000000 -1.000000 
-0.814153 -0.016599 0.000000 -1.000000 
-0.829838 -0.015685 0.000000 -1.000000 
-0.844537 -0.014698 0.000000 -1.000000 
-0.858183 -0.013646 0.000000 -1.000000 
-0.870721 -0.012538 0.000000 -1.000000 
-0.882101 -0.011380 0.000000 -1.000000 
-0.892281 -0.010180 0.000000 -1.000000 
-0.901226 -0.008945 0.000000 -1.000000 
-0.908908 -0.007681 0.000000 -1.000000 
-0.915301 -0.006393 0.000000 -1.000000 
-0.920388 -0.005087 2.000000 -1.000000 
-0.922153 -0.001765 2.000000 -1.000000 
-0.920592 0.001561 2.000000 -1.000000 
-0.915710 0.004883 2.000000 -1.000000 
-0.907519 0.008191 2.000000 -1.000000 
-0.896045 0.011474 2.000000 -1.000000 
-0.881323 0.014722 2.000000 -1.000000 
-0.863404 0.017918 2.000000 -1.000000 
-0.842356 0.021048 2.000000 -1.000000 
-0.818266 0.024091 2.000000 -1.000000 
-0.791242 0.027024 2.000000 -1.000000 
-0.761420 0.029822 2.000000 -1.000000 
-0.728961 0.032458 2.000000 -1.000000 
-0.694058 0.034903 2.000000 -1.000000 
-0.656932 0.037127 2.000000 -1.000000 
-0.617831 0.039100 2.000000 -1.000000 
-0.577034 0.040797 2.000000 -1.000000 
-0.534838 0.042196 2.000000 -1.000000 
-0.491557 0.043281 2.000000 -1.000000 
-0.447516 0.044041 2.000000 -1.000000 
-0.403041 0.044475 2.000000 -1.000000 
-0.358450 0.044591 2.000000 -1.000000 
-0.314048 0.044402 2.000000 -1.000000 
-0.270117 0.043932 2.000000 -1.000000 
-0.226908 0.043209 2.000000 -1.000000 
-0.184642 0.042266 2.000000 -1.000000 
-0.143502 0.041140 2.000000 -1.000000 
-0.103634 0.039868 2.000000 -1.000000 
-0.065147 0.038488 2.000000 -1.000000 
-0.028111 0.037035 2.000000 -1.000000 
0.007433 0.035544 2.000000 -1.000000 
0.041478 0.034045 2.000000 -1.000000 
0.074042 0.032564 2.000000 -1.000000 
0.105168 0.031126 2.000000 -1.000000 
0.134917 0.029749 2.000000 -1.000000 
0.163368 0.028451 2.000000 -1.000000 
0.190613 0.027245 2.000000 -1.000000 
0.216756 0.026143 2.000000 -1.000000 
0.241909 0.025153 2.000000 -1.000000 
0.266192 0.024283 2.000000 -1.000000 
0.289731 0.023539 2.000000 -1.000000 
0.312656 0.022925 2.000000 -1.000000 
0.335103 0.022447 2.000000 -1.000000 
0.357210 0.022107 2.000000 -1.000000 
0.379120 0.021910 2.000000 -1.000000 
0.400981 0.021860 2.000000 -1.000000 
0.422942 0.021961 2.000000 -1.000000 
0.445160 0.022218 2.000000 -1.000000 
0.467795 0.022635 2.000000 -1.000000 
0.491013 0.023218 2.000000 -1.000000 
-0.452219 0.000000 0.000000 -1.000000 
-0.453750 -0.001531 0.000000 -1.000000 
-0.456801 -0.003051 0.000000 -1.000000 
-0.461350 -0.004549 0.000000 -1.000000 
-0.467363 -0.006013 0.000000 -1.000000 
-0.474796 -0.007433 0.000000 -1.000000 
-0.483594 -0.008798 0.000000 -1.000000 
-0.493691 -0.010097 0.000000 -1.000000 
-0.505012 -0.011321 0.000000 -1.000000 
-0.517472 -0.012460 0.000000 -1.000000 
-0.530978 -0.013506 0.000000 -1.000000 
-0.545429 -0.014451 0.000000 -1.000000 
-0.560716 -0.015287 0.000000 -1.000000 
-0.576726 -0.016009 0.000000 -1.000000 
-0.593338 -0.016613 0.000000 -1.000000 
-0.610432 -0.017093 0.000000 -1.000000 
-0.627881 -0.017450 0.000000 -1.000000 
-0.645561 -0.017680 0.000000 -1.000000 
-0.663347 -0.017786 0.000000 -1.000000 
-0.681115 -0.017768 0.000000 -1.000000 
-0.698745 -0.017630 0.000000 -1.000000 
-0.716121 -0.017376 0.000000 -1.000000 
-0.733132 -0.017011 0.000000 -1.000000 
-0.749673 -0.016541 0.000000 -1.000000 
-0.765646 -0.015973 0.000000 -1.000000 
-0.780959 -0.015313 0.000000 -1.000000 
-0.795527 -0.014569 0.000000 -1.000000 
-0.809275 -0.013748 0.000000 -1.000000 
-0.822133 -0.012858 0.000000 -1.000000 
-0.834040 -0.011907 0.000000 -1.000000 
-0.844940 -0.010901 0.000000 -1.000000 
-0.854787 -0.009847 0.000000 -1.000000 
-0.863539 -0.008752 0.000000 -1.000000 
-0.871161 -0.007622 0.000000 -1.000000 
-0.877624 -0.006463 0.000000 -1.000000 
-0.882903 -0.005279 0.000000 -1.000000 
-0.886980 -0.004077 2.000000 -1.000000 
-0.887840 -0.000860 2.000000 -1.000000 
-0.885480 0.002360 2.000000 -1.000000 
-0.879908 0.005571 2.000000 -1.000000 
-0.871145 0.008763 2.000000 -1.000000 
-0.859223 0.011922 2.000000 -1.000000 
-0.844188 0.015035 2.000000 -1.000000 
-0.826102 0.018086 2.000000 -1.000000 
-0.805046 0.021056 2.000000 -1.000000 
-0.781122 0.023925 2.000000 -1.000000 
-0.754453 0.026669 2.000000 -1.000000 
-0.725187 0.029266 2.000000 -1.000000 
-0.693500 0.031687 2.000000 -1.000000 
-0.659593 0.033907 2.000000 -1.000000 
-0.623694 0.035899 2.000000 -1.000000 
-0.586055 0.037638 2.000000 -1.000000 
-0.546951 0.039104 2.000000 -1.000000 
-0.506672 0.040279 2.000000 -1.000000 
-0.465520 0.041152 2.000000 -1.000000 
-0.423802 0.041719 2.000000 -1.000000 
-0.381820 0.041981 2.000000 -1.000000 
-0.339870 0.041950 2.000000 -1.000000 
-0.298230 0.041641 2.000000 -1.000000 
-0.257154 0.041076 2.000000 -1.000000 
-0.216870 0.040284 2.000000 -1.000000 
-0.177575 0.039295 2.000000 -1.000000 
-0.139434 0.038141 2.000000 -1.000000 
-0.102577 0.036857 2.000000 -1.000000 
-0.067103 0.035474 2.000000 -1.000000 
-0.033079 0.034025 2.000000 -1.000000 
-0.000542 0.032537 2.000000 -1.000000 
0.030495 0.031037 2.000000 -1.000000 
0.060042 0.029547 2.000000 -1.000000 
0.088130 0.028088 2.000000 -1.000000 
0.114805 0.026675 2.000000 -1.000000 
0.140126 0.025321 2.000000 -1.000000 
0.164166 0.024039 2.000000 -1.000000 
0.187002 0.022836 2.000000 -1.000000 
0.208721 0.021719 2.000000 -1.000000 
0.229415 0.020694 2.000000 -1.000000 
0.249178 0.019763 2.000000 -1.000000 
0.268107 0.018929 2.000000 -1.000000 
0.286303 0.018195 2.000000 -1.000000 
0.303865 0.017562 2.000000 -1.000000 
0.320896 0.017031 2.000000 -1.000000 
0.337499 0.016603 2.000000 -1.000000 
0.353777 0.016278 2.000000 -1.000000 
0.369836 0.016059 2.000000 -1.000000 
0.385782 0.015946 2.000000 -1.000000 
0.401724 0.015942 2.000000 -1.000000 
0.417772 0.016048 2.000000 -1.000000 
0.434040 0.016268 2.000000 -1.000000 
0.450644 0.016604 2.000000 -1.000000 
0.467705 0.017061 2.000000 -1.000000 
0.485349 0.017644 2.000000 -1.000000 
-0.422337 0.000000 0.000000 -1.000000 
-0.424085 -0.001748 0.000000 -1.000000 
-0.427568 -0.003483 0.000000 -1.000000 
-0.432762 -0.005193 0.000000 -1.000000 
-0.439628 -0.006866 0.000000 -1.000000 
-0.448117 -0.008489 0.000000 -1.000000 
-0.458168 -0.010051 0.000000 -1.000000 
-0.469707 -0.011538 0.000000 -1.000000 
-0.482647 -0.012941 0.000000 -1.000000 
-0.496894 -0.014247 0.000000 -1.000000 
-0.512342 -0.015447 0.000000 -1.000000 
-0.528873 -0.016532 0.000000 -1.000000 
-0.546365 -0.017492 0.000000 -1.000000 
-0.564687 -0.018321 0.000000 -1.000000 
-0.583701 -0.019014 0.000000 -1.000000 
-0.603267 -0.019566 0.000000 -1.000000 
-0.623241 -0.019974 0.000000 -1.000000 
-0.643478 -0.020238 0.000000 -1.000000 
-0.663836 -0.020358 0.000000 -1.000000 
-0.684173 -0.020337 0.000000 -1.000000 
-0.704351 -0.020179 0.000000 -1.000000 
-0.724240 -0.019888 0.000000 -1.000000 
-0.743713 -0.019473 0.000000 -1.000000 
-0.762652 -0.018939 0.000000 -1.000000 
-0.780948 -0.018296 0.000000 -1.000000 
-0.798500 -0.017552 0.000000 -1.000000 
-0.815217 -0.016716 0.000000 -1.000000 
-0.831014 -0.015798 0.000000 -1.000000 
-0.845820 -0.014805 0.000000 -1.000000 
-0.859567 -0.013748 0.000000 -1.000000 
-0.872201 -0.012634 0.000000 -1.000000 
-0.883671 -0.011470 0.000000 -1.000000 
-0.893936 -0.010265 0.000000 -1.000000 
-0.902961 -0.009025 0.000000 -1.000000 
-0.910716 -0.007755 0.000000 -1.000000 
-0.917178 -0.006462 2.000000 -1.000000 
-0.920327 -0.003150 2.000000 -1.000000 
-0.920156 0.000172 2.000000 -1.000000 
-0.916664 0.003492 2.000000 -1.000000 
-0.909861 0.006803 2.000000 -1.000000 
-0.899767 0.010094 2.000000 -1.000000 
-0.886414 0.013353 2.000000 -1.000000 
-0.869846 0.016568 2.000000 -1.000000 
-0.850124 0.019722 2.000000 -1.000000 
-0.827326 0.022798 2.000000 -1.000000 
-0.801552 0.025774 2.000000 -1.000000 
-0.772927 0.028625 2.000000 -1.000000 
-0.741602 0.031325 2.000000 -1.000000 
-0.707756 0.033846 2.000000 -1.000000 
-0.671597 0.036158 2.000000 -1.000000 
-0.633365 0.038232 2.000000 -1.000000 
-0.593325 0.040041 2.000000 -1.000000 
-0.551765 0.041560 2.000000 -1.000000 
-0.508994 0.042771 2.000000 -1.000000 
-0.465333 0.043661 2.000000 -1.000000 
-0.421107 0.044226 2.000000 -1.000000 
-0.376637 0.044470 2.000000 -1.000000 
-0.332234 0.044403 2.000000 -1.000000 
-0.288189 0.044045 2.000000 -1.000000 
-0.244766 0.043423 2.000000 -1.000000 
-0.202199 0.042567 2.000000 -1.000000 
-0.160686 0.041513 2.000000 -1.000000 
-0.120388 0.040298 2.000000 -1.000000 
-0.081429 0.038959 2.000000 -1.000000 
-0.043895 0.037533 2.000000 -1.000000 
-0.007840 0.036055 2.000000 -1.000000 
0.026716 0.034556 2.000000 -1.000000 
0.059779 0.033064 2.000000 -1.000000 
0.091383 0.031604 2.000000 -1.000000 
0.121581 0.030197 2.000000 -1.000000 
0.150442 0.028862 2.000000 -1.000000 
0.178054 0.027612 2.000000 -1.000000 
0.204515 0.026460 2.000000 -1.000000 
0.229931 0.025416 2.000000 -1.000000 
0.254419 0.024488 2.000000 -1.000000 
0.278100 0.023681 2.000000 -1.000000 
0.301103 0.023002 2.000000 -1.000000 
0.323557 0.022455 2.000000 -1.000000 
0.345600 0.022043 2.000000 -1.000000 
0.367370 0.021770 2.000000 -1.000000 
0.389011 0.021641 2.000000 -1.000000 
0.410670 0.021659 2.000000 -1.000000 
0.432498 0.021828 2.000000 -1.000000 
0.454651 0.022153 2.000000 -1.000000 
0.477291 0.022640 2.000000 -1.000000 