-0.498865 0.000000 2.000000 -1.000000 
-0.498051 0.000815 2.000000 -1.000000 
-0.496427 0.001623 2.000000 -1.000000 
-0.494008 0.002420 2.000000 -1.000000 
-0.490810 0.003198 2.000000 -1.000000 
-0.486857 0.003953 2.000000 -1.000000 
-0.482180 0.004678 2.000000 -1.000000 
-0.476812 0.005368 2.000000 -1.000000 
-0.470794 0.006018 2.000000 -1.000000 
-0.464170 0.006624 2.000000 -1.000000 
-0.456990 0.007180 2.000000 -1.000000 
-0.449306 0.007684 2.000000 -1.000000 
-0.441175 0.008131 2.000000 -1.000000 
-0.432656 0.008519 2.000000 -1.000000 
-0.423810 0.008846 2.000000 -1.000000 
-0.414701 0.009109 0.000000 -1.000000 
-0.407395 0.007306 0.000000 -1.000000 
-0.401943 0.005452 0.000000 -1.000000 
-0.398383 0.003560 0.000000 -1.000000 
-0.396740 0.001643 0.000000 -1.000000 
-0.397026 -0.000286 0.000000 -1.000000 
-0.399238 -0.002213 0.000000 -1.000000 
-0.403362 -0.004124 0.000000 -1.000000 
-0.409368 -0.006006 0.000000 -1.000000 
-0.417214 -0.007846 0.000000 -1.000000 
-0.426845 -0.009631 0.000000 -1.000000 
-0.438191 -0.011346 0.000000 -1.000000 
-0.451171 -0.012980 0.000000 -1.000000 
-0.465689 -0.014519 0.000000 -1.000000 
-0.481640 -0.015951 0.000000 -1.000000 
-0.498904 -0.017265 0.000000 -1.000000 
-0.517354 -0.018450 0.000000 -1.000000 
-0.536851 -0.019496 0.000000 -1.000000 
-0.557248 -0.020397 0.000000 -1.000000 
-0.578393 -0.021145 0.000000 -1.000000 
-0.600129 -0.021736 0.000000 -1.000000 
-0.622296 -0.022167 0.000000 -1.000000 
-0.644734 -0.022438 0.000000 -1.000000 
-0.667283 -0.022549 0.000000 -1.000000 
-0.689787 -0.022504 0.000000 -1.000000 
-0.712096 -0.022309 0.000000 -1.000000 
-0.734065 -0.021969 0.000000 -1.000000 
-0.755559 -0.021494 0.000000 -1.000000 
-0.776450 -0.020891 0.000000 -1.000000 
-0.796622 -0.020171 0.000000 -1.000000 
-0.815967 -0.019345 0.000000 -1.000000 
-0.834390 -0.018423 0.000000 -1.000000 
-0.851805 -0.017415 0.000000 -1.000000 
-0.868138 -0.016333 0.000000 -1.000000 
-0.883322 -0.015185 0.000000 -1.000000 
-0.897303 -0.013981 0.000000 -1.000000 
-0.910033 -0.012729 0.000000 -1.000000 
-0.921471 -0.011438 2.000000 -1.000000 
-0.929585 -0.008114 0.000000 -1.000000 
-0.936352 -0.006768 0.000000 -1.000000 
-0.941757 -0.005405 2.000000 -1.000000 
-0.943786 -0.002029 2.000000 -1.000000 
-0.942434 0.001352 2.000000 -1.000000 
-0.937705 0.004729 2.000000 -1.000000 
-0.929609 0.008096 2.000000 -1.000000 
-0.918167 0.011442 2.000000 -1.000000 
-0.903411 0.014757 2.000000 -1.000000 
-0.885383 0.018028 2.000000 -1.000000 
-0.864144 0.021239 2.000000 -1.000000 
-0.839772 0.024371 2.000000 -1.000000 
-0.812370 0.027403 2.000000 -1.000000 
-0.782062 0.030308 2.000000 -1.000000 
-0.749004 0.033058 2.000000 -1.000000 
-0.713382 0.035622 2.000000 -1.000000 
-0.675412 0.037970 2.000000 -1.000000 
-0.635343 0.040070 2.000000 -1.000000 
-0.593451 0.041892 2.000000 -1.000000 
-0.550039 0.043412 2.000000 -1.000000 
-0.505428 0.044610 2.000000 -1.000000 
-0.459954 0.045474 2.000000 -1.000000 
-0.413955 0.046000 2.000000 -1.000000 
-0.367763 0.046192 2.000000 -1.000000 
-0.321698 0.046065 2.000000 -1.000000 
-0.276056 0.045642 2.000000 -1.000000 
-0.231104 0.044951 2.000000 -1.000000 
-0.187076 0.044029 2.000000 -1.000000 
-0.144164 0.042912 2.000000 -1.000000 
-0.102521 0.041642 2.000000 -1.000000 
-0.062262 0.040260 2.000000 -1.000000 
-0.023459 0.038803 2.000000 -1.000000 
0.013850 0.037309 2.000000 -1.000000 
0.049662 0.035811 2.000000 -1.000000 
0.084001 0.034339 2.000000 -1.000000 
0.116919 0.032918 2.000000 -1.000000 
0.148489 0.031570 2.000000 -1.000000 
0.178804 0.030314 2.000000 -1.000000 
0.207969 0.029165 2.000000 -1.000000 
0.236105 0.028136 2.000000 -1.000000 
0.263343 0.027238 2.000000 -1.000000 
0.289821 0.026478 2.000000 -1.000000 
0.315686 0.025865 2.000000 -1.000000 
0.341091 0.025405 2.000000 -1.000000 
0.366194 0.025103 2.000000 -1.000000 
0.391161 0.024966 2.000000 -1.000000 
0.416160 0.024999 2.000000 -1.000000 
0.441367 0.025207 2.000000 -1.000000 
0.466963 0.025597 2.000000 -1.000000 
0.493137 0.026174 2.000000 -1.000000 
-0.597010 0.000000 2.000000 -1.000000 
-0.595464 0.001546 2.000000 -1.000000 
-0.592383 0.003081 2.000000 -1.000000 
-0.587790 0.004593 2.000000 -1.000000 
-0.581718 0.006072 2.000000 -1.000000 
-0.574213 0.007505 2.000000 -1.000000 
-0.565329 0.008883 2.000000 -1.000000 
-0.555134 0.010196 2.000000 -1.000000 
-0.543702 0.011432 2.000000 -1.000000 
-0.531119 0.012583 2.000000 -1.000000 
-0.517480 0.013639 2.000000 -1.000000 
-0.502887 0.014593 2.000000 -1.000000 
-0.487450 0.015438 2.000000 -1.000000 
-0.471282 0.016167 2.000000 -1.000000 
-0.454506 0.016776 2.000000 -1.000000 
-0.437244 0.017262 2.000000 -1.000000 
-0.419623 0.017621 2.000000 -1.000000 
-0.401768 0.017854 2.000000 -1.000000 
-0.383808 0.017961 2.000000 -1.000000 
-0.365865 0.017943 2.000000 -1.000000 
-0.348061 0.017803 0.000000 -1.000000 
-0.332514 0.015547 0.000000 -1.000000 
-0.319324 0.013191 0.000000 -1.000000 
-0.308570 0.010753 0.000000 -1.000000 
-0.300321 0.008250 0.000000 -1.000000 
-0.294623 0.005698 0.000000 -1.000000 
-0.291511 0.003112 0.000000 -1.000000 
-0.291002 0.000509 0.000000 -1.000000 
-0.293099 -0.002097 0.000000 -1.000000 
-0.297791 -0.004692 0.000000 -1.000000 
-0.305049 -0.007259 0.000000 -1.000000 
-0.314832 -0.009783 0.000000 -1.000000 
-0.327080 -0.012248 0.000000 -1.000000 
-0.341718 -0.014638 0.000000 -1.000000 
-0.358654 -0.016936 0.000000 -1.000000 
-0.377777 -0.019123 0.000000 -1.000000 
-0.398959 -0.021182 0.000000 -1.000000 
-0.422054 -0.023095 0.000000 -1.000000 
-0.446899 -0.024845 0.000000 -1.000000 
-0.473314 -0.026415 0.000000 -1.000000 
-0.501104 -0.027791 0.000000 -1.000000 
-0.530064 -0.028959 0.000000 -1.000000 
-0.559975 -0.029911 0.000000 -1.000000 
-0.590613 -0.030639 0.000000 -1.000000 
-0.621753 -0.031139 0.000000 -1.000000 
-0.653167 -0.031414 0.000000 -1.000000 
-0.684633 -0.031466 0.000000 -1.000000 
-0.715938 -0.031305 0.000000 -1.000000 
-0.746879 -0.030941 0.000000 -1.000000 
-0.777268 -0.030389 0.000000 -1.000000 
-0.806933 -0.029665 0.000000 -1.000000 
-0.835720 -0.028787 0.000000 -1.000000 
-0.863493 -0.027773 0.000000 -1.000000 
-0.890137 -0.026643 0.000000 -1.000000 
-0.915552 -0.025416 0.000000 -1.000000 
-0.939661 -0.024108 0.000000 -1.000000 
-0.962398 -0.022737 0.000000 -1.000000 
-0.983715 -0.021318 0.000000 -1.000000 
-1.003578 -0.019863 0.000000 -1.000000 
-1.021963 -0.018384 0.000000 -1.000000 
-1.038854 -0.016891 0.000000 -1.000000 
-1.054246 -0.015392 2.000000 -1.000000 
-1.066139 -0.011893 2.000000 -1.000000 
-1.074536 -0.008397 1.000000 -1.000000 
-1.080441 -0.005905 1.000000 -1.000000 
-1.083858 -0.003418 2.000000 -1.000000 
-1.083791 0.000067 2.000000 -1.000000 
-1.080239 0.003552 2.000000 -1.000000 
-1.073199 0.007040 2.000000 -1.000000 
-1.062667 0.010532 2.000000 -1.000000 
-1.048637 0.014030 2.000000 -1.000000 
-1.031107 0.017530 2.000000 -1.000000 
-1.010080 0.021027 2.000000 -1.000000 
-0.985569 0.024511 2.000000 -1.000000 
-0.957601 0.027969 2.000000 -1.000000 
-0.926222 0.031379 2.000000 -1.000000 
-0.891506 0.034716 2.000000 -1.000000 
-0.853557 0.037948 2.000000 -1.000000 
-0.812519 0.041038 2.000000 -1.000000 
-0.768575 0.043944 2.000000 -1.000000 
-0.721955 0.046620 2.000000 -1.000000 
-0.672934 0.049022 2.000000 -1.000000 
-0.621829 0.051104 2.000000 -1.000000 
-0.568999 0.052831 2.000000 -1.000000 
-0.514829 0.054170 2.000000 -1.000000 
-0.459725 0.055104 2.000000 -1.000000 
-0.404097 0.055628 2.000000 -1.000000 
-0.348346 0.055751 2.000000 -1.000000 
-0.292849 0.055496 2.000000 -1.000000 
-0.237949 0.054901 2.000000 -1.000000 
-0.183938 0.054011 2.000000 -1.000000 
-0.131056 0.052882 2.000000 -1.000000 
-0.079483 0.051573 2.000000 -1.000000 
-0.029340 0.050143 2.000000 -1.000000 
0.019313 0.048653 2.000000 -1.000000 
0.066471 0.047157 2.000000 -1.000000 
0.112178 0.045707 2.000000 -1.000000 
0.156525 0.044347 2.000000 -1.000000 
0.199642 0.043118 2.000000 -1.000000 
0.241695 0.042053 2.000000 -1.000000 
0.282877 0.041182 2.000000 -1.000000 
0.323406 0.040529 2.000000 -1.000000 
0.363523 0.040116 2.000000 -1.000000 
0.403484 0.039961 2.000000 -1.000000 
0.443564 0.040080 2.000000 -1.000000 
0.484050 0.040485 2.000000 -1.000000 
-0.470155 0.000000 2.000000 -1.000000 
-0.469554 0.000601 2.000000 -1.000000 
-0.468356 0.001197 2.000000 -1.000000 
-0.466572 0.001785 2.000000 -1.000000 
-0.464212 0.002359 2.000000 -1.000000 
-0.461296 0.002916 2.000000 -1.000000 
-0.457844 0.003452 2.000000 -1.000000 
-0.453883 0.003962 2.000000 -1.000000 
-0.449440 0.004443 2.000000 -1.000000 
-0.444549 0.004891 2.000000 -1.000000 
-0.439245 0.005304 2.000000 -1.000000 
-0.433568 0.005678 0.000000 -1.000000 
-0.429557 0.004011 0.000000 -1.000000 
-0.427242 0.002315 0.000000 -1.000000 
-0.426640 0.000602 0.000000 -1.000000 
-0.427755 -0.001115 0.000000 -1.000000 
-0.430579 -0.002824 0.000000 -1.000000 
-0.435091 -0.004512 0.000000 -1.000000 
-0.441260 -0.006169 0.000000 -1.000000 
-0.449040 -0.007780 0.000000 -1.000000 
-0.458374 -0.009334 0.000000 -1.000000 
-0.469194 -0.010820 0.000000 -1.000000 
-0.481421 -0.012227 0.000000 -1.000000 
-0.494963 -0.013542 0.000000 -1.000000 
-0.509720 -0.014757 0.000000 -1.000000 
-0.525581 -0.015861 0.000000 -1.000000 
-0.542426 -0.016846 0.000000 -1.000000 
-0.560131 -0.017705 0.000000 -1.000000 
-0.578562 -0.018431 0.000000 -1.000000 
-0.597583 -0.019021 0.000000 -1.000000 
-0.617054 -0.019471 0.000000 -1.000000 
-0.636833 -0.019779 0.000000 -1.000000 
-0.656778 -0.019946 0.000000 -1.000000 
-0.676752 -0.019973 0.000000 -1.000000 
-0.696616 -0.019865 0.000000 -1.000000 
-0.716241 -0.019624 0.000000 -1.000000 
-0.735500 -0.019259 0.000000 -1.000000 
-0.754274 -0.018774 0.000000 -1.000000 
-0.772453 -0.018179 0.000000 -1.000000 
-0.789935 -0.017481 0.000000 -1.000000 
-0.806624 -0.016690 0.000000 -1.000000 
-0.822437 -0.015813 0.000000 -1.000000 
-0.837297 -0.014860 0.000000 -1.000000 
-0.851137 -0.013840 0.000000 -1.000000 
-0.863897 -0.012760 0.000000 -1.000000 
-0.875525 -0.011628 0.000000 -1.000000 
-0.885978 -0.010453 0.000000 -1.000000 
-0.895217 -0.009239 0.000000 -1.000000 
-0.903212 -0.007995 0.000000 -1.000000 
-0.909936 -0.006724 0.000000 -1.000000 
-0.915370 -0.005433 2.000000 -1.000000 
-0.917496 -0.002126 0.000000 -1.000000 
-0.918309 -0.000813 2.000000 -1.000000 
-0.915807 0.002502 2.000000 -1.000000 
-0.909996 0.005811 2.000000 -1.000000 
-0.900895 0.009102 2.000000 -1.000000 
-0.888530 0.012365 2.000000 -1.000000 
-0.872943 0.015587 2.000000 -1.000000 
-0.854190 0.018753 2.000000 -1.000000 
-0.832345 0.021845 2.000000 -1.000000 
-0.807501 0.024844 2.000000 -1.000000 
-0.779776 0.027725 2.000000 -1.000000 
-0.749313 0.030463 2.000000 -1.000000 
-0.716284 0.033029 2.000000 -1.000000 
-0.680889 0.035395 2.000000 -1.000000 
-0.643358 0.037531 2.000000 -1.000000 
-0.603948 0.039410 2.000000 -1.000000 
-0.562941 0.041007 2.000000 -1.000000 
-0.520639 0.042302 2.000000 -1.000000 
-0.477360 0.043279 2.000000 -1.000000 
-0.433426 0.043934 2.000000 -1.000000 
-0.389160 0.044266 2.000000 -1.000000 
-0.344876 0.044284 2.000000 -1.000000 
-0.300869 0.044007 2.000000 -1.000000 
-0.257410 0.043458 2.000000 -1.000000 
-0.214743 0.042667 2.000000 -1.000000 
-0.173074 0.041669 2.000000 -1.000000 
-0.132576 0.040498 2.000000 -1.000000 
-0.093383 0.039193 2.000000 -1.000000 
-0.055592 0.037791 2.000000 -1.000000 
-0.019267 0.036325 2.000000 -1.000000 
0.015563 0.034830 2.000000 -1.000000 
0.048895 0.033332 2.000000 -1.000000 
0.080754 0.031859 2.000000 -1.000000 
0.111186 0.030432 2.000000 -1.000000 
0.140256 0.029070 2.000000 -1.000000 
0.168044 0.027788 2.000000 -1.000000 
0.194643 0.026599 2.000000 -1.000000 
0.220156 0.025513 2.000000 -1.000000 
0.244695 0.024539 2.000000 -1.000000 
0.268378 0.023683 2.000000 -1.000000 
0.291328 0.022950 2.000000 -1.000000 
0.313674 0.022346 2.000000 -1.000000 
0.335548 0.021873 2.000000 -1.000000 
0.357084 0.021537 2.000000 -1.000000 
0.378424 0.021339 2.000000 -1.000000 
0.399708 0.021284 2.000000 -1.000000 
0.421085 0.021377 2.000000 -1.000000 
0.442704 0.021620 2.000000 -1.000000 
0.464723 0.022019 2.000000 -1.000000 
0.487303 0.022580 2.000000 -1.000000 
-0.583482 0.000000 2.000000 -1.000000 
-0.582036 0.001447 2.000000 -1.000000 
-0.579153 0.002883 2.000000 -1.000000 
-0.574855 0.004297 2.000000 -1.000000 
-0.569175 0.005680 2.000000 -1.000000 
-0.562154 0.007021 2.000000 -1.000000 
-0.553844 0.008310 2.000000 -1.000000 
-0.544308 0.009536 2.000000 -1.000000 
-0.533617 0.010691 2.000000 -1.000000 
-0.521850 0.011767 2.000000 -1.000000 
-0.509097 0.012753 2.000000 -1.000000 
-0.495452 0.013645 2.000000 -1.000000 
-0.481018 0.014434 2.000000 -1.000000 
-0.465903 0.015115 2.000000 -1.000000 
-0.450218 0.015685 2.000000 -1.000000 
-0.434079 0.016139 2.000000 -1.000000 
-0.417604 0.016476 2.000000 -1.000000 
-0.400910 0.016694 2.000000 -1.000000 
-0.384115 0.016794 2.000000 -1.000000 
-0.367337 0.016778 2.000000 -1.000000 
-0.350688 0.016649 0.000000 -1.000000 
-0.336278 0.014410 0.000000 -1.000000 
-0.324201 0.012077 0.000000 -1.000000 
-0.314531 0.009670 0.000000 -1.000000 
-0.307329 0.007202 0.000000 -1.000000 
-0.302637 0.004692 0.000000 -1.000000 
-0.300484 0.002153 0.000000 -1.000000 
-0.300882 -0.000398 0.000000 -1.000000 
-0.303829 -0.002947 0.000000 -1.000000 
-0.309307 -0.005478 0.000000 -1.000000 
-0.317284 -0.007977 0.000000 -1.000000 
-0.327711 -0.010427 0.000000 -1.000000 
-0.340525 -0.012813 0.000000 -1.000000 
-0.355643 -0.015118 0.000000 -1.000000 
-0.372969 -0.017326 0.000000 -1.000000 
-0.392386 -0.019417 0.000000 -1.000000 
-0.413762 -0.021376 0.000000 -1.000000 
-0.436947 -0.023185 0.000000 -1.000000 
-0.461775 -0.024828 0.000000 -1.000000 
-0.488063 -0.026289 0.000000 -1.000000 
-0.515618 -0.027555 0.000000 -1.000000 
-0.544233 -0.028614 0.000000 -1.000000 
-0.573692 -0.029460 0.000000 -1.000000 
-0.603778 -0.030086 0.000000 -1.000000 
-0.634268 -0.030490 0.000000 -1.000000 
-0.664943 -0.030675 0.000000 -1.000000 
-0.695590 -0.030647 0.000000 -1.000000 
-0.726003 -0.030413 0.000000 -1.000000 
-0.755989 -0.029987 0.000000 -1.000000 
-0.785371 -0.029382 0.000000 -1.000000 
-0.813985 -0.028614 0.000000 -1.000000 
-0.841686 -0.027701 0.000000 -1.000000 
-0.868347 -0.026661 0.000000 -1.000000 
-0.893860 -0.025513 0.000000 -1.000000 
-0.918133 -0.024273 0.000000 -1.000000 
-0.941091 -0.022958 0.000000 -1.000000 
-0.962674 -0.021583 0.000000 -1.000000 
-0.982837 -0.020163 0.000000 -1.000000 
-1.001547 -0.018710 0.000000 -1.000000 
-1.018780 -0.017233 0.000000 -1.000000 
-1.034522 -0.015742 0.000000 -1.000000 
-1.048766 -0.014244 2.000000 -1.000000 
-1.059510 -0.010744 2.000000 -1.000000 
-1.066756 -0.007246 2.000000 -1.000000 
-1.070506 -0.003750 2.000000 -1.000000 
-1.070762 -0.000256 2.000000 -1.000000 
-1.067525 0.003238 2.000000 -1.000000 
-1.060792 0.006733 2.000000 -1.000000 
-1.050561 0.010231 2.000000 -1.000000 
-1.036830 0.013731 2.000000 -1.000000 
-1.019601 0.017230 2.000000 -1.000000 
-0.998880 0.020721 2.000000 -1.000000 
-0.974685 0.024195 2.000000 -1.000000 
-0.947049 0.027636 2.000000 -1.000000 
-0.916025 0.031024 2.000000 -1.000000 
-0.881693 0.034333 2.000000 -1.000000 
-0.844162 0.037531 2.000000 -1.000000 
-0.803581 0.040581 2.000000 -1.000000 
-0.760138 0.043443 2.000000 -1.000000 
-0.714066 0.046072 2.000000 -1.000000 
-0.665642 0.048424 2.000000 -1.000000 
-0.615185 0.050457 2.000000 -1.000000 
-0.563050 0.052135 2.000000 -1.000000 
-0.509620 0.053431 2.000000 -1.000000 
-0.455294 0.054326 2.000000 -1.000000 
-0.400477 0.054817 2.000000 -1.000000 
-0.345562 0.054914 2.000000 -1.000000 
-0.290921 0.054642 2.000000 -1.000000 
-0.236886 0.054035 2.000000 -1.000000 
-0.183745 0.053140 2.000000 -1.000000 
-0.131735 0.052010 2.000000 -1.000000 
-0.081032 0.050703 2.000000 -1.000000 
-0.031755 0.049277 2.000000 -1.000000 
0.016033 0.047788 2.000000 -1.000000 
0.062324 0.046291 2.000000 -1.000000 
0.107158 0.044834 2.000000 -1.000000 
0.150621 0.043463 2.000000 -1.000000 
0.192834 0.042213 2.000000 -1.000000 
0.233954 0.041120 2.000000 -1.000000 
0.274165 0.040211 2.000000 -1.000000 
0.313676 0.039510 2.000000 -1.000000 
0.352713 0.039038 2.000000 -1.000000 
0.391525 0.038812 2.000000 -1.000000 
0.430372 0.038847 2.000000 -1.000000 
0.469528 0.039157 2.000000 -1.000000 
-0.463177 0.000000 0.000000 -1.000000 
-0.464628 -0.001451 0.000000 -1.000000 
-0.467518 -0.002891 0.000000 -1.000000 
-0.471828 -0.004309 0.000000 -1.000000 
-0.477524 -0.005696 0.000000 -1.000000 
-0.484564 -0.007040 0.000000 -1.000000 
-0.492897 -0.008333 0.000000 -1.000000 
-0.502459 -0.009563 0.000000 -1.000000 
-0.513180 -0.010721 0.000000 -1.000000 
-0.524979 -0.011799 0.000000 -1.000000 
-0.537768 -0.012789 0.000000 -1.000000 
-0.551450 -0.013682 0.000000 -1.000000 
-0.565924 -0.014474 0.000000 -1.000000 
-0.581082 -0.015157 0.000000 -1.000000 
-0.596810 -0.015728 0.000000 -1.000000 
-0.612993 -0.016184 0.000000 -1.000000 
-0.629515 -0.016521 0.000000 -1.000000 
-0.646255 -0.016740 0.000000 -1.000000 
-0.663095 -0.016841 0.000000 -1.000000 
-0.679920 -0.016825 0.000000 -1.000000 
-0.696615 -0.016695 0.000000 -1.000000 
-0.713070 -0.016455 0.000000 -1.000000 
-0.729179 -0.016109 0.000000 -1.000000 
-0.744842 -0.015663 0.000000 -1.000000 
-0.759965 -0.015123 0.000000 -1.000000 
-0.774460 -0.014495 0.000000 -1.000000 
-0.788246 -0.013786 0.000000 -1.000000 
-0.801250 -0.013003 0.000000 -1.000000 
-0.813403 -0.012154 0.000000 -1.000000 
-0.824647 -0.011244 0.000000 -1.000000 
-0.834928 -0.010281 0.000000 -1.000000 
-0.844198 -0.009271 0.000000 -1.000000 
-0.852418 -0.008220 0.000000 -1.000000 
-0.859553 -0.007135 0.000000 -1.000000 
-0.865574 -0.006021 0.000000 -1.000000 
-0.870456 -0.004883 0.000000 -1.000000 
-0.874182 -0.003726 2.000000 -1.000000 
-0.874737 -0.000555 2.000000 -1.000000 
-0.872120 0.002618 2.000000 -1.000000 
-0.866339 0.005781 2.000000 -1.000000 
-0.857417 0.008922 2.000000 -1.000000 
-0.845390 0.012027 2.000000 -1.000000 
-0.830307 0.015083 2.000000 -1.000000 
-0.812235 0.018072 2.000000 -1.000000 
-0.791259 0.020976 2.000000 -1.000000 
-0.767484 0.023775 2.000000 -1.000000 
-0.741039 0.026445 2.000000 -1.000000 
-0.712076 0.028963 2.000000 -1.000000 
-0.680774 0.031302 2.000000 -1.000000 
-0.647336 0.033438 2.000000 -1.000000 
-0.611991 0.035345 2.000000 -1.000000 
-0.574991 0.037000 2.000000 -1.000000 
-0.536608 0.038384 2.000000 -1.000000 
-0.497126 0.039481 2.000000 -1.000000 
-0.456843 0.040283 2.000000 -1.000000 
-0.416058 0.040786 2.000000 -1.000000 
-0.375065 0.040993 2.000000 -1.000000 
-0.334149 0.040916 2.000000 -1.000000 
-0.293579 0.040570 2.000000 -1.000000 
-0.253601 0.039978 2.000000 -1.000000 
-0.214433 0.039168 2.000000 -1.000000 
-0.176266 0.038167 2.000000 -1.000000 
-0.139257 0.037009 2.000000 -1.000000 
-0.103533 0.035724 2.000000 -1.000000 
-0.069189 0.034344 2.000000 -1.000000 
-0.036292 0.032897 2.000000 -1.000000 
-0.004880 0.031412 2.000000 -1.000000 
0.025032 0.029912 2.000000 -1.000000 
0.053452 0.028419 2.000000 -1.000000 
0.080403 0.026951 2.000000 -1.000000 
0.105927 0.025524 2.000000 -1.000000 
0.130076 0.024149 2.000000 -1.000000 
0.152913 0.022837 2.000000 -1.000000 
0.174508 0.021595 2.000000 -1.000000 
0.194938 0.020430 2.000000 -1.000000 
0.214284 0.019346 2.000000 -1.000000 
0.232628 0.018345 2.000000 -1.000000 
0.250058 0.017429 2.000000 -1.000000 
0.266658 0.016600 2.000000 -1.000000 
0.282516 0.015858 2.000000 -1.000000 
0.297720 0.015204 2.000000 -1.000000 
0.312357 0.014637 2.000000 -1.000000 
0.326513 0.014156 2.000000 -1.000000 
0.340275 0.013763 2.000000 -1.000000 
0.353731 0.013456 2.000000 -1.000000 
0.366968 0.013236 2.000000 -1.000000 
0.380072 0.013104 2.000000 -1.000000 
0.393133 0.013061 2.000000 -1.000000 
0.406240 0.013107 2.000000 -1.000000 
0.419485 0.013245 2.000000 -1.000000 
0.432962 0.013477 2.000000 -1.000000 
0.446768 0.013805 2.000000 -1.000000 
0.461002 0.014234 2.000000 -1.000000 
0.475770 0.014768 2.000000 -1.000000 
0.491180 0.015410 2.000000 -1.000000 
-0.497001 0.000000 2.000000 -1.000000 
-0.496200 0.000801 2.000000 -1.000000 
-0.494605 0.001595 2.000000 -1.000000 
-0.492226 0.002378 2.000000 -1.000000 
-0.489083 0.003143 2.000000 -1.000000 
-0.485198 0.003885 2.000000 -1.000000 
-0.480600 0.004598 2.000000 -1.000000 
-0.475324 0.005276 2.000000 -1.000000 
-0.469409 0.005915 2.000000 -1.000000 
-0.462899 0.006511 2.000000 -1.000000 
-0.455841 0.007058 2.000000 -1.000000 
-0.448288 0.007553 2.000000 -1.000000 
-0.440295 0.007993 2.000000 -1.000000 
-0.431920 0.008375 2.000000 -1.000000 
-0.423224 0.008696 2.000000 -1.000000 
-0.414270 0.008954 0.000000 -1.000000 
-0.407121 0.007149 0.000000 -1.000000 
-0.401828 0.005293 0.000000 -1.000000 
-0.398428 0.003400 0.000000 -1.000000 
-0.396945 0.001483 0.000000 -1.000000 
-0.397389 -0.000444 0.000000 -1.000000 
-0.399757 -0.002368 0.000000 -1.000000 
-0.404033 -0.004276 0.000000 -1.000000 
-0.410186 -0.006153 0.000000 -1.000000 
-0.418174 -0.007988 0.000000 -1.000000 
-0.427939 -0.009765 0.000000 -1.000000 
-0.439412 -0.011473 0.000000 -1.000000 
-0.452510 -0.013098 0.000000 -1.000000 
-0.467137 -0.014627 0.000000 -1.000000 
-0.483185 -0.016048 0.000000 -1.000000 
-0.500536 -0.017351 0.000000 -1.000000 
-0.519059 -0.018523 0.000000 -1.000000 
-0.538617 -0.019557 0.000000 -1.000000 
-0.559061 -0.020445 0.000000 -1.000000 
-0.580241 -0.021179 0.000000 -1.000000 
-0.601997 -0.021757 0.000000 -1.000000 
-0.624172 -0.022174 0.000000 -1.000000 
-0.646603 -0.022431 0.000000 -1.000000 
-0.669132 -0.022529 0.000000 -1.000000 
-0.691604 -0.022472 0.000000 -1.000000 
-0.713869 -0.022265 0.000000 -1.000000 
-0.735783 -0.021914 0.000000 -1.000000 
-0.757211 -0.021428 0.000000 -1.000000 
-0.778027 -0.020816 0.000000 -1.000000 
-0.798115 -0.020088 0.000000 -1.000000 
-0.817369 -0.019254 0.000000 -1.000000 
-0.835694 -0.018325 0.000000 -1.000000 
-0.853005 -0.017311 0.000000 -1.000000 
-0.869229 -0.016224 0.000000 -1.000000 
-0.884300 -0.015072 0.000000 -1.000000 
-0.898165 -0.013864 0.000000 -1.000000 
-0.910775 -0.012610 0.000000 -1.000000 
-0.922091 -0.011317 0.000000 -1.000000 
-0.932082 -0.009991 0.000000 -1.000000 
-0.940720 -0.008638 2.000000 -1.000000 
-0.945985 -0.005265 2.000000 -1.000000 
-0.947864 -0.001879 2.000000 -1.000000 
-0.946353 0.001511 2.000000 -1.000000 
-0.941456 0.004897 2.000000 -1.000000 
-0.933183 0.008273 2.000000 -1.000000 
-0.921556 0.011628 2.000000 -1.000000 
-0.906603 0.014952 2.000000 -1.000000 
-0.888370 0.018233 2.000000 -1.000000 
-0.866916 0.021455 2.000000 -1.000000 
-0.842318 0.024598 2.000000 -1.000000 
-0.814678 0.027640 2.000000 -1.000000 
-0.784121 0.030556 2.000000 -1.000000 
-0.750804 0.033317 2.000000 -1.000000 
-0.714912 0.035892 2.000000 -1.000000 
-0.676662 0.038250 2.000000 -1.000000 
-0.636304 0.040358 2.000000 -1.000000 
-0.594117 0.042187 2.000000 -1.000000 
-0.550405 0.043712 2.000000 -1.000000 
-0.505492 0.044913 2.000000 -1.000000 
-0.459715 0.045777 2.000000 -1.000000 
-0.413414 0.046301 2.000000 -1.000000 
-0.366924 0.046490 2.000000 -1.000000 
-0.320567 0.046357 2.000000 -1.000000 
-0.274640 0.045927 2.000000 -1.000000 
-0.229412 0.045229 2.000000 -1.000000 
-0.185114 0.044298 2.000000 -1.000000 
-0.141941 0.043173 2.000000 -1.000000 
-0.100044 0.041897 2.000000 -1.000000 
-0.059536 0.040508 2.000000 -1.000000 
-0.020488 0.039048 2.000000 -1.000000 
0.017065 0.037553 2.000000 -1.000000 
0.053121 0.036056 2.000000 -1.000000 
0.087709 0.034588 2.000000 -1.000000 
0.120883 0.033174 2.000000 -1.000000 
0.152719 0.031836 2.000000 -1.000000 
0.183314 0.030594 2.000000 -1.000000 
0.212777 0.029463 2.000000 -1.000000 
0.241232 0.028455 2.000000 -1.000000 
0.268814 0.027582 2.000000 -1.000000 
0.295665 0.026852 2.000000 -1.000000 
0.321937 0.026272 2.000000 -1.000000 
0.347788 0.025850 2.000000 -1.000000 
0.373380 0.025592 2.000000 -1.000000 
0.398883 0.025503 2.000000 -1.000000 
0.424472 0.025589 2.000000 -1.000000 
0.450329 0.025857 2.000000 -1.000000 
0.476641 0.026312 2.000000 -1.000000 
-0.536885 0.000000 2.000000 -1.000000 
-0.535785 0.001100 2.000000 -1.000000 
-0.533594 0.002191 2.000000 -1.000000 
-0.530328 0.003266 2.000000 -1.000000 
-0.526012 0.004316 2.000000 -1.000000 
-0.520677 0.005335 2.000000 -1.000000 
-0.514365 0.006313 2.000000 -1.000000 
-0.507121 0.007243 2.000000 -1.000000 
-0.499001 0.008120 2.000000 -1.000000 
-0.490066 0.008936 2.000000 -1.000000 
-0.480381 0.009684 2.000000 -1.000000 
-0.470020 0.010361 2.000000 -1.000000 
-0.459059 0.010961 2.000000 -1.000000 
-0.447579 0.011480 2.000000 -1.000000 
-0.435664 0.011915 2.000000 -1.000000 
-0.423401 0.012263 2.000000 -1.000000 
-0.410878 0.012523 2.000000 -1.000000 
-0.398185 0.012693 2.000000 -1.000000 
-0.385410 0.012775 0.000000 -1.000000 
-0.374643 0.010768 0.000000 -1.000000 
-0.365955 0.008687 0.000000 -1.000000 
-0.359406 0.006549 0.000000 -1.000000 
-0.355040 0.004366 0.000000 -1.000000 
-0.352884 0.002155 0.000000 -1.000000 
-0.352954 -0.000070 0.000000 -1.000000 
-0.355248 -0.002294 0.000000 -1.000000 
-0.359752 -0.004504 0.000000 -1.000000 
-0.366436 -0.006684 0.000000 -1.000000 
-0.375256 -0.008819 0.000000 -1.000000 
-0.386151 -0.010896 0.000000 -1.000000 
-0.399049 -0.012898 0.000000 -1.000000 
-0.413859 -0.014810 0.000000 -1.000000 
-0.430477 -0.016618 0.000000 -1.000000 
-0.448785 -0.018308 0.000000 -1.000000 
-0.468649 -0.019864 0.000000 -1.000000 
-0.489923 -0.021274 0.000000 -1.000000 
-0.512450 -0.022526 0.000000 -1.000000 
-0.536060 -0.023610 0.000000 -1.000000 
-0.560577 -0.024517 0.000000 -1.000000 
-0.585817 -0.025240 0.000000 -1.000000 
-0.611592 -0.025776 0.000000 -1.000000 
-0.637716 -0.026124 0.000000 -1.000000 
-0.664001 -0.026284 0.000000 -1.000000 
-0.690263 -0.026262 0.000000 -1.000000 
-0.716326 -0.026064 0.000000 -1.000000 
-0.742024 -0.025697 0.000000 -1.000000 
-0.767198 -0.025174 0.000000 -1.000000 
-0.791703 -0.024505 0.000000 -1.000000 
-0.815408 -0.023704 0.000000 -1.000000 
-0.838193 -0.022785 0.000000 -1.000000 
-0.859953 -0.021760 0.000000 -1.000000 
-0.880598 -0.020645 0.000000 -1.000000 
-0.900048 -0.019450 0.000000 -1.000000 
-0.918238 -0.018190 0.000000 -1.000000 
-0.935113 -0.016875 0.000000 -1.000000 
-0.950628 -0.015515 0.000000 -1.000000 
-0.964747 -0.014119 0.000000 -1.000000 
-0.977442 -0.012695 0.000000 -1.000000 
-0.988692 -0.011250 0.000000 -1.000000 
-0.998480 -0.009788 0.000000 -1.000000 
-1.006795 -0.008315 2.000000 -1.000000 
-1.011628 -0.004833 2.000000 -1.000000 
-1.012975 -0.001347 2.000000 -1.000000 
-1.010835 0.002140 2.000000 -1.000000 
-1.005211 0.005625 2.000000 -1.000000 
-0.996106 0.009105 2.000000 -1.000000 
-0.983530 0.012576 2.000000 -1.000000 
-0.967500 0.016030 2.000000 -1.000000 
-0.948041 0.019459 2.000000 -1.000000 
-0.925192 0.022849 2.000000 -1.000000 
-0.899008 0.026184 2.000000 -1.000000 
-0.869568 0.029441 2.000000 -1.000000 
-0.836974 0.032594 2.000000 -1.000000 
-0.801361 0.035613 2.000000 -1.000000 
-0.762898 0.038463 2.000000 -1.000000 
-0.721790 0.041108 2.000000 -1.000000 
-0.678281 0.043508 2.000000 -1.000000 
-0.632654 0.045627 2.000000 -1.000000 
-0.585224 0.047431 2.000000 -1.000000 
-0.536333 0.048890 2.000000 -1.000000 
-0.486348 0.049986 2.000000 -1.000000 
-0.435641 0.050707 2.000000 -1.000000 
-0.384586 0.051055 2.000000 -1.000000 
-0.333544 0.051042 2.000000 -1.000000 
-0.282851 0.050693 2.000000 -1.000000 
-0.232811 0.050040 2.000000 -1.000000 
-0.183686 0.049125 2.000000 -1.000000 
-0.135690 0.047996 2.000000 -1.000000 
-0.088991 0.046700 2.000000 -1.000000 
-0.043702 0.045288 2.000000 -1.000000 
0.000108 0.043810 2.000000 -1.000000 
0.042417 0.042310 2.000000 -1.000000 
0.083247 0.040830 2.000000 -1.000000 
0.122655 0.039408 2.000000 -1.000000 
0.160730 0.038075 2.000000 -1.000000 
0.197590 0.036860 2.000000 -1.000000 
0.233376 0.035786 2.000000 -1.000000 
0.268251 0.034875 2.000000 -1.000000 
0.302392 0.034141 2.000000 -1.000000 
0.335994 0.033601 2.000000 -1.000000 
0.369261 0.033268 2.000000 -1.000000 
0.402412 0.033151 2.000000 -1.000000 
0.435674 0.033262 2.000000 -1.000000 
0.469284 0.033610 2.000000 -1.000000 
-0.500388 0.000000 2.000000 -1.000000 
-0.499562 0.000826 2.000000 -1.000000 
-0.497916 0.001646 2.000000 -1.000000 
-0.495463 0.002454 2.000000 -1.000000 
-0.492220 0.003243 2.000000 -1.000000 
-0.488212 0.004008 2.000000 -1.000000 
-0.483470 0.004743 2.000000 -1.000000 
-0.478027 0.005443 2.000000 -1.000000 
-0.471925 0.006102 2.000000 -1.000000 
-0.465209 0.006716 2.000000 -1.000000 
-0.457929 0.007280 2.000000 -1.000000 
-0.450138 0.007791 2.000000 -1.000000 
-0.441894 0.008244 2.000000 -1.000000 
-0.433256 0.008638 2.000000 -1.000000 
-0.424288 0.008968 2.000000 -1.000000 
-0.415053 0.009235 2.000000 -1.000000 
-0.405618 0.009435 2.000000 -1.000000 
-0.396050 0.009568 0.000000 -1.000000 
-0.388415 0.007635 0.000000 -1.000000 
-0.382767 0.005648 0.000000 -1.000000 
-0.379144 0.003623 0.000000 -1.000000 
-0.377570 0.001574 0.000000 -1.000000 
-0.378057 -0.000487 0.000000 -1.000000 
-0.380601 -0.002544 0.000000 -1.000000 
-0.385185 -0.004584 0.000000 -1.000000 
-0.391778 -0.006593 0.000000 -1.000000 
-0.400333 -0.008556 0.000000 -1.000000 
-0.410793 -0.010459 0.000000 -1.000000 
-0.423082 -0.012289 0.000000 -1.000000 
-0.437113 -0.014032 0.000000 -1.000000 
-0.452787 -0.015673 0.000000 -1.000000 
-0.469987 -0.017200 0.000000 -1.000000 
-0.488587 -0.018601 0.000000 -1.000000 
-0.508450 -0.019863 0.000000 -1.000000 
-0.529426 -0.020976 0.000000 -1.000000 
-0.551359 -0.021933 0.000000 -1.000000 
-0.574083 -0.022725 0.000000 -1.000000 
-0.597431 -0.023347 0.000000 -1.000000 
-0.621229 -0.023798 0.000000 -1.000000 
-0.645305 -0.024076 0.000000 -1.000000 
-0.669489 -0.024184 0.000000 -1.000000 
-0.693613 -0.024124 0.000000 -1.000000 
-0.717517 -0.023904 0.000000 -1.000000 
-0.741047 -0.023530 0.000000 -1.000000 
-0.764059 -0.023012 0.000000 -1.000000 
-0.786420 -0.022361 0.000000 -1.000000 
-0.808008 -0.021588 0.000000 -1.000000 
-0.828713 -0.020705 0.000000 -1.000000 
-0.848435 -0.019723 0.000000 -1.000000 
-0.867089 -0.018654 0.000000 -1.000000 
-0.884599 -0.017510 0.000000 -1.000000 
-0.900901 -0.016302 0.000000 -1.000000 
-0.915940 -0.015039 0.000000 -1.000000 
-0.929670 -0.013730 0.000000 -1.000000 
-0.942054 -0.012384 0.000000 -1.000000 
-0.953061 -0.011007 0.000000 -1.000000 
-0.962667 -0.009606 0.000000 -1.000000 
-0.970853 -0.008186 2.000000 -1.000000 
-0.975604 -0.004751 2.000000 -1.000000 
-0.976913 -0.001309 2.000000 -1.000000 
-0.974777 0.002136 2.000000 -1.000000 
-0.969200 0.005577 2.000000 -1.000000 
-0.960192 0.009009 2.000000 -1.000000 
-0.947767 0.012424 2.000000 -1.000000 
-0.931954 0.015814 2.000000 -1.000000 
-0.912788 0.019166 2.000000 -1.000000 
-0.890322 0.022465 2.000000 -1.000000 
-0.864629 0.025694 2.000000 -1.000000 
-0.835801 0.028828 2.000000 -1.000000 
-0.803959 0.031842 2.000000 -1.000000 
-0.769254 0.034705 2.000000 -1.000000 
-0.731869 0.037385 2.000000 -1.000000 
-0.692021 0.039848 2.000000 -1.000000 
-0.649963 0.042058 2.000000 -1.000000 
-0.605980 0.043983 2.000000 -1.000000 
-0.560386 0.045595 2.000000 -1.000000 
-0.513516 0.046870 2.000000 -1.000000 
-0.465722 0.047794 2.000000 -1.000000 
-0.417359 0.048362 2.000000 -1.000000 
-0.368780 0.048579 2.000000 -1.000000 
-0.320321 0.048459 2.000000 -1.000000 
-0.272294 0.048027 2.000000 -1.000000 
-0.224978 0.047316 2.000000 -1.000000 
-0.178614 0.046364 2.000000 -1.000000 
-0.133399 0.045215 2.000000 -1.000000 
-0.089487 0.043912 2.000000 -1.000000 
-0.046985 0.042502 2.000000 -1.000000 
-0.005959 0.041026 2.000000 -1.000000 
0.033568 0.039527 2.000000 -1.000000 
0.071608 0.038040 2.000000 -1.000000 
0.108205 0.036597 2.000000 -1.000000 
0.143432 0.035228 2.000000 -1.000000 
0.177388 0.033955 2.000000 -1.000000 
0.210189 0.032801 2.000000 -1.000000 
0.241971 0.031782 2.000000 -1.000000 
0.272883 0.030912 2.000000 -1.000000 
0.303088 0.030204 2.000000 -1.000000 
0.332756 0.029668 2.000000 -1.000000 
0.362070 0.029314 2.000000 -1.000000 
0.391219 0.029149 2.000000 -1.000000 
0.420402 0.029182 2.000000 -1.000000 
0.449823 0.029421 2.000000 -1.000000 
0.479694 0.029872 2.000000 -1.000000 
-0.576091 0.000000 2.000000 -1.000000 
-0.574699 0.001392 2.000000 -1.000000 
-0.571925 0.002774 2.000000 -1.000000 
-0.567790 0.004135 2.000000 -1.000000 
-0.562324 0.005465 2.000000 -1.000000 
-0.555569 0.006755 2.000000 -1.000000 
-0.547574 0.007995 2.000000 -1.000000 
-0.538400 0.009174 2.000000 -1.000000 
-0.528115 0.010285 2.000000 -1.000000 
-0.516796 0.011319 2.000000 -1.000000 
-0.504528 0.012268 2.000000 -1.000000 
-0.491402 0.013125 2.000000 -1.000000 
-0.477518 0.013884 2.000000 -1.000000 
-0.462979 0.014540 2.000000 -1.000000 
-0.447891 0.015087 2.000000 -1.000000 
-0.432367 0.015524 2.000000 -1.000000 
-0.416518 0.015849 2.000000 -1.000000 
-0.400459 0.016059 2.000000 -1.000000 
-0.384302 0.016157 2.000000 -1.000000 
-0.368160 0.016142 1.000000 -1.000000 
-0.353142 0.015018 0.000000 -1.000000 
-0.340347 0.012795 0.000000 -1.000000 
-0.329858 0.010488 0.000000 -1.000000 
-0.321743 0.008116 0.000000 -1.000000 
-0.316050 0.005693 0.000000 -1.000000 
-0.312815 0.003235 0.000000 -1.000000 
-0.312058 0.000757 0.000000 -1.000000 
-0.313783 -0.001725 0.000000 -1.000000 
-0.317979 -0.004197 0.000000 -1.000000 
-0.324622 -0.006643 0.000000 -1.000000 
-0.333670 -0.009048 0.000000 -1.000000 
-0.345067 -0.011397 0.000000 -1.000000 
-0.358740 -0.013673 0.000000 -1.000000 
-0.374599 -0.015859 0.000000 -1.000000 
-0.392539 -0.017940 0.000000 -1.000000 
-0.412437 -0.019898 0.000000 -1.000000 
-0.434153 -0.021716 0.000000 -1.000000 
-0.457532 -0.023379 0.000000 -1.000000 
-0.482403 -0.024871 0.000000 -1.000000 
-0.508583 -0.026179 0.000000 -1.000000 
-0.535875 -0.027292 0.000000 -1.000000 
-0.564074 -0.028200 0.000000 -1.000000 
-0.592972 -0.028897 0.000000 -1.000000 
-0.622352 -0.029381 0.000000 -1.000000 
-0.652003 -0.029651 0.000000 -1.000000 
-0.681714 -0.029711 0.000000 -1.000000 
-0.711284 -0.029569 0.000000 -1.000000 
-0.740519 -0.029235 0.000000 -1.000000 
-0.769239 -0.028721 0.000000 -1.000000 
-0.797280 -0.028040 0.000000 -1.000000 
-0.824490 -0.027211 0.000000 -1.000000 
-0.850739 -0.026248 0.000000 -1.000000 
-0.875909 -0.025170 0.000000 -1.000000 
-0.899902 -0.023993 0.000000 -1.000000 
-0.922635 -0.022733 0.000000 -1.000000 
-0.944041 -0.021406 0.000000 -1.000000 
-0.964065 -0.020024 0.000000 -1.000000 
-0.982667 -0.018602 0.000000 -1.000000 
-0.999816 -0.017149 0.000000 -1.000000 
-1.015489 -0.015674 0.000000 -1.000000 
-1.029674 -0.014185 0.000000 -1.000000 
-1.042363 -0.012688 2.000000 -1.000000 
-1.051551 -0.009189 2.000000 -1.000000 
-1.057240 -0.005689 2.000000 -1.000000 
-1.059431 -0.002190 2.000000 -1.000000 
-1.058122 0.001308 2.000000 -1.000000 
-1.053315 0.004807 2.000000 -1.000000 
-1.045009 0.008306 2.000000 -1.000000 
-1.033203 0.011806 2.000000 -1.000000 
-1.017898 0.015304 2.000000 -1.000000 
-0.999104 0.018795 2.000000 -1.000000 
-0.976835 0.022269 2.000000 -1.000000 
-0.951122 0.025713 2.000000 -1.000000 
-0.922012 0.029110 2.000000 -1.000000 
-0.889576 0.032436 2.000000 -1.000000 
-0.853915 0.035661 2.000000 -1.000000 
-0.815162 0.038753 2.000000 -1.000000 
-0.773491 0.041671 2.000000 -1.000000 
-0.729116 0.044375 2.000000 -1.000000 
-0.682296 0.046820 2.000000 -1.000000 
-0.633330 0.048966 2.000000 -1.000000 
-0.582556 0.050774 2.000000 -1.000000 
-0.530342 0.052214 2.000000 -1.000000 
-0.477077 0.053265 2.000000 -1.000000 
-0.423161 0.053917 2.000000 -1.000000 
-0.368986 0.054175 2.000000 -1.000000 
-0.314929 0.054056 2.000000 -1.000000 
-0.261338 0.053592 2.000000 -1.000000 
-0.208516 0.052821 2.000000 -1.000000 
-0.156721 0.051795 2.000000 -1.000000 
-0.106155 0.050566 2.000000 -1.000000 
-0.056963 0.049192 2.000000 -1.000000 
-0.009235 0.047728 2.000000 -1.000000 
0.036994 0.046229 2.000000 -1.000000 
0.081739 0.044745 2.000000 -1.000000 
0.125058 0.043319 2.000000 -1.000000 
0.167051 0.041993 2.000000 -1.000000 
0.207852 0.040801 2.000000 -1.000000 
0.247623 0.039771 2.000000 -1.000000 
0.286553 0.038930 2.000000 -1.000000 
0.324851 0.038298 2.000000 -1.000000 
0.362745 0.037894 2.000000 -1.000000 
0.400479 0.037734 2.000000 -1.000000 
0.438311 0.037832 2.000000 -1.000000 
0.476510 0.038199 2.000000 -1.000000 
-0.497284 0.000000 2.000000 -1.000000 
-0.496481 0.000803 2.000000 -1.000000 
-0.494882 0.001600 2.000000 -1.000000 
-0.492497 0.002385 2.000000 -1.000000 
-0.489345 0.003152 2.000000 -1.000000 
-0.485450 0.003895 2.000000 -1.000000 
-0.480841 0.004610 2.000000 -1.000000 
-0.475551 0.005290 2.000000 -1.000000 
-0.469620 0.005931 2.000000 -1.000000 
-0.463092 0.006528 2.000000 -1.000000 
-0.456016 0.007076 2.000000 -1.000000 
-0.448443 0.007573 2.000000 -1.000000 
-0.440429 0.008014 2.000000 -1.000000 
-0.432032 0.008397 2.000000 -1.000000 
-0.423313 0.008719 2.000000 -1.000000 
-0.414335 0.008978 2.000000 -1.000000 
-0.405163 0.009173 2.000000 -1.000000 
-0.395859 0.009303 2.000000 -1.000000 
-0.386491 0.009368 0.000000 -1.000000 
-0.379122 0.007369 0.000000 -1.000000 
-0.373803 0.005319 0.000000 -1.000000 
-0.370570 0.003233 0.000000 -1.000000 
-0.369445 0.001125 0.000000 -1.000000 
-0.370436 -0.000990 0.000000 -1.000000 
-0.373535 -0.003099 0.000000 -1.000000 
-0.378722 -0.005187 0.000000 -1.000000 
-0.385961 -0.007240 0.000000 -1.000000 
-0.395204 -0.009243 0.000000 -1.000000 
-0.406386 -0.011182 0.000000 -1.000000 
-0.419429 -0.013043 0.000000 -1.000000 
-0.434241 -0.014812 0.000000 -1.000000 
-0.450715 -0.016474 0.000000 -1.000000 
-0.468731 -0.018016 0.000000 -1.000000 
-0.488157 -0.019426 0.000000 -1.000000 
-0.508849 -0.020691 0.000000 -1.000000 
-0.530650 -0.021802 0.000000 -1.000000 
-0.553399 -0.022749 0.000000 -1.000000 
-0.576925 -0.023526 0.000000 -1.000000 
-0.601053 -0.024128 0.000000 -1.000000 
-0.625604 -0.024552 0.000000 -1.000000 
-0.650403 -0.024799 0.000000 -1.000000 
-0.675273 -0.024870 0.000000 -1.000000 
-0.700045 -0.024772 0.000000 -1.000000 
-0.724554 -0.024509 0.000000 -1.000000 
-0.748646 -0.024092 0.000000 -1.000000 
-0.772175 -0.023529 0.000000 -1.000000 
-0.795008 -0.022833 0.000000 -1.000000 
-0.817023 -0.022015 0.000000 -1.000000 
-0.838111 -0.021088 0.000000 -1.000000 
-0.858175 -0.020064 0.000000 -1.000000 
-0.877130 -0.018955 0.000000 -1.000000 
-0.894903 -0.017773 0.000000 -1.000000 
-0.911433 -0.016530 0.000000 -1.000000 
-0.926667 -0.015234 0.000000 -1.000000 
-0.940563 -0.013896 0.000000 -1.000000 
-0.953085 -0.012523 0.000000 -1.000000 
-0.964207 -0.011122 0.000000 -1.000000 
-0.973906 -0.009699 0.000000 -1.000000 
-0.982165 -0.008259 0.000000 -1.000000 
-0.988971 -0.006806 2.000000 -1.000000 
-0.992316 -0.003344 2.000000 -1.000000 
-0.992194 0.000122 2.000000 -1.000000 
-0.988606 0.003588 2.000000 -1.000000 
-0.981557 0.007049 2.000000 -1.000000 
-0.971056 0.010501 2.000000 -1.000000 
-0.957120 0.013936 2.000000 -1.000000 
-0.939775 0.017345 2.000000 -1.000000 
-0.919058 0.020717 2.000000 -1.000000 
-0.895024 0.024034 2.000000 -1.000000 
-0.867746 0.027278 2.000000 -1.000000 
-0.837321 0.030424 2.000000 -1.000000 
-0.803876 0.033445 2.000000 -1.000000 
-0.767568 0.036308 2.000000 -1.000000 
-0.728589 0.038979 2.000000 -1.000000 
-0.687168 0.041421 2.000000 -1.000000 
-0.643569 0.043599 2.000000 -1.000000 
-0.598089 0.045480 2.000000 -1.000000 
-0.551055 0.047034 2.000000 -1.000000 
-0.502816 0.048239 2.000000 -1.000000 
-0.453732 0.049084 2.000000 -1.000000 
-0.404169 0.049564 2.000000 -1.000000 
-0.354482 0.049687 2.000000 -1.000000 
-0.305010 0.049472 2.000000 -1.000000 
-0.256062 0.048948 2.000000 -1.000000 
-0.207912 0.048150 2.000000 -1.000000 
-0.160791 0.047121 2.000000 -1.000000 
-0.114885 0.045906 2.000000 -1.000000 
-0.070333 0.044553 2.000000 -1.000000 
-0.027224 0.043108 2.000000 -1.000000 
0.014392 0.041617 2.000000 -1.000000 
0.054511 0.040119 2.000000 -1.000000 
0.093164 0.038652 2.000000 -1.000000 
0.130413 0.037249 2.000000 -1.000000 
0.166351 0.035938 2.000000 -1.000000 
0.201095 0.034743 2.000000 -1.000000 
0.234779 0.033684 2.000000 -1.000000 
0.267558 0.032779 2.000000 -1.000000 
0.299601 0.032042 2.000000 -1.000000 
0.331087 0.031486 2.000000 -1.000000 
0.362208 0.031121 2.000000 -1.000000 
0.393166 0.030957 2.000000 -1.000000 
0.424170 0.031004 2.000000 -1.000000 
0.455439 0.031269 2.000000 -1.000000 
0.487200 0.031762 2.000000 -1.000000 
-0.556140 0.000000 2.000000 -1.000000 
-0.554896 0.001244 2.000000 -1.000000 
-0.552418 0.002478 2.000000 -1.000000 
-0.548724 0.003694 2.000000 -1.000000 
-0.543842 0.004882 2.000000 -1.000000 
-0.537808 0.006034 2.000000 -1.000000 
-0.530668 0.007140 2.000000 -1.000000 
-0.522474 0.008193 2.000000 -1.000000 
-0.513289 0.009185 2.000000 -1.000000 
-0.503181 0.010108 2.000000 -1.000000 
-0.492227 0.010955 2.000000 -1.000000 
-0.480507 0.011720 2.000000 -1.000000 
-0.468110 0.012397 2.000000 -1.000000 
-0.455126 0.012983 2.000000 -1.000000 
-0.441653 0.013473 2.000000 -1.000000 
-0.427788 0.013865 2.000000 -1.000000 
-0.413632 0.014156 2.000000 -1.000000 
-0.399286 0.014346 2.000000 -1.000000 
-0.384850 0.014435 2.000000 -1.000000 
-0.370426 0.014425 1.000000 -1.000000 
-0.357110 0.013316 0.000000 -1.000000 
-0.345992 0.011118 0.000000 -1.000000 
-0.337143 0.008848 0.000000 -1.000000 
-0.330621 0.006522 0.000000 -1.000000 
-0.326467 0.004154 0.000000 -1.000000 
-0.324707 0.001760 0.000000 -1.000000 
-0.325352 -0.000645 0.000000 -1.000000 
-0.328397 -0.003045 0.000000 -1.000000 
-0.333824 -0.005427 0.000000 -1.000000 
-0.341599 -0.007775 0.000000 -1.000000 
-0.351672 -0.010073 0.000000 -1.000000 
-0.363977 -0.012306 0.000000 -1.000000 
-0.378435 -0.014458 0.000000 -1.000000 
-0.394948 -0.016512 0.000000 -1.000000 
-0.413401 -0.018454 0.000000 -1.000000 
-0.433666 -0.020265 0.000000 -1.000000 
-0.455598 -0.021931 0.000000 -1.000000 
-0.479036 -0.023438 0.000000 -1.000000 
-0.503807 -0.024771 0.000000 -1.000000 
-0.529726 -0.025919 0.000000 -1.000000 
-0.556600 -0.026874 0.000000 -1.000000 
-0.584226 -0.027626 0.000000 -1.000000 
-0.612400 -0.028174 0.000000 -1.000000 
-0.640917 -0.028516 0.000000 -1.000000 
-0.669571 -0.028654 0.000000 -1.000000 
-0.698165 -0.028594 0.000000 -1.000000 
-0.726509 -0.028344 0.000000 -1.000000 
-0.754423 -0.027914 0.000000 -1.000000 
-0.781741 -0.027318 0.000000 -1.000000 
-0.808311 -0.026570 0.000000 -1.000000 
-0.833996 -0.025685 0.000000 -1.000000 
-0.858675 -0.024679 0.000000 -1.000000 
-0.882244 -0.023568 0.000000 -1.000000 
-0.904612 -0.022368 0.000000 -1.000000 
-0.925705 -0.021094 0.000000 -1.000000 
-0.945463 -0.019758 0.000000 -1.000000 
-0.963837 -0.018373 0.000000 -1.000000 
-0.980788 -0.016951 0.000000 -1.000000 
-0.996288 -0.015501 0.000000 -1.000000 
-1.010318 -0.014030 2.000000 -1.000000 
-1.020863 -0.010545 0.000000 -1.000000 
-1.029915 -0.009053 2.000000 -1.000000 
-1.035472 -0.005556 2.000000 -1.000000 
-1.037529 -0.002058 2.000000 -1.000000 
-1.036088 0.001441 2.000000 -1.000000 
-1.031148 0.004940 2.000000 -1.000000 
-1.022711 0.008437 2.000000 -1.000000 
-1.010781 0.011930 2.000000 -1.000000 
-0.995365 0.015415 2.000000 -1.000000 
-0.976480 0.018885 2.000000 -1.000000 
-0.954151 0.022329 2.000000 -1.000000 
-0.928418 0.025732 2.000000 -1.000000 
-0.899343 0.029075 2.000000 -1.000000 
-0.867010 0.032333 2.000000 -1.000000 
-0.831533 0.035477 2.000000 -1.000000 
-0.793061 0.038472 2.000000 -1.000000 
-0.751781 0.041280 2.000000 -1.000000 
-0.707921 0.043860 2.000000 -1.000000 
-0.661747 0.046173 2.000000 -1.000000 
-0.613567 0.048180 2.000000 -1.000000 
-0.563720 0.049847 2.000000 -1.000000 
-0.512573 0.051147 2.000000 -1.000000 
-0.460509 0.052064 2.000000 -1.000000 
-0.407915 0.052594 2.000000 -1.000000 
-0.355171 0.052744 2.000000 -1.000000 
-0.302638 0.052534 2.000000 -1.000000 
-0.250643 0.051995 2.000000 -1.000000 
-0.199474 0.051169 2.000000 -1.000000 
-0.149370 0.050104 2.000000 -1.000000 
-0.100520 0.048850 2.000000 -1.000000 
-0.053057 0.047463 2.000000 -1.000000 
-0.007062 0.045995 2.000000 -1.000000 
0.037433 0.044495 2.000000 -1.000000 
0.080445 0.043011 2.000000 -1.000000 
0.122028 0.041584 2.000000 -1.000000 
0.162277 0.040249 2.000000 -1.000000 
0.201317 0.039040 2.000000 -1.000000 
0.239299 0.037982 2.000000 -1.000000 
0.276398 0.037099 2.000000 -1.000000 
0.312808 0.036410 2.000000 -1.000000 
0.348741 0.035933 2.000000 -1.000000 
0.384421 0.035680 2.000000 -1.000000 
0.420088 0.035667 2.000000 -1.000000 
0.455991 0.035903 2.000000 -1.000000 
0.492390 0.036399 2.000000 -1.000000 
-0.499912 0.000000 2.000000 -1.000000 
-0.499089 0.000822 2.000000 -1.000000 
-0.497450 0.001639 2.000000 -1.000000 
-0.495007 0.002443 2.000000 -1.000000 
-0.491779 0.003229 2.000000 -1.000000 
-0.487788 0.003990 2.000000 -1.000000 
-0.483066 0.004722 2.000000 -1.000000 
-0.477647 0.005419 2.000000 -1.000000 
-0.471571 0.006076 2.000000 -1.000000 
-0.464884 0.006687 2.000000 -1.000000 
-0.457635 0.007249 2.000000 -1.000000 
-0.449878 0.007757 2.000000 -1.000000 
-0.441669 0.008209 2.000000 -1.000000 
-0.433068 0.008601 2.000000 -1.000000 
-0.424138 0.008930 2.000000 -1.000000 
-0.414943 0.009195 2.000000 -1.000000 
-0.405549 0.009395 0.000000 -1.000000 
-0.398021 0.007528 0.000000 -1.000000 
-0.392413 0.005608 0.000000 -1.000000 
-0.388764 0.003649 0.000000 -1.000000 
-0.387099 0.001665 0.000000 -1.000000 
-0.387429 -0.000330 0.000000 -1.000000 
-0.389752 -0.002323 0.000000 -1.000000 
-0.394053 -0.004300 0.000000 -1.000000 
-0.400300 -0.006248 0.000000 -1.000000 
-0.408452 -0.008151 0.000000 -1.000000 
-0.418450 -0.009998 0.000000 -1.000000 
-0.430223 -0.011774 0.000000 -1.000000 
-0.443688 -0.013465 0.000000 -1.000000 
-0.458747 -0.015058 0.000000 -1.000000 
-0.475288 -0.016542 0.000000 -1.000000 
-0.493191 -0.017903 0.000000 -1.000000 
-0.512322 -0.019131 0.000000 -1.000000 
-0.532537 -0.020215 0.000000 -1.000000 
-0.553685 -0.021148 0.000000 -1.000000 
-0.575608 -0.021923 0.000000 -1.000000 
-0.598142 -0.022534 0.000000 -1.000000 
-0.621122 -0.022980 0.000000 -1.000000 
-0.644380 -0.023259 0.000000 -1.000000 
-0.667753 -0.023373 0.000000 -1.000000 
-0.691078 -0.023325 0.000000 -1.000000 
-0.714199 -0.023121 0.000000 -1.000000 
-0.736967 -0.022768 0.000000 -1.000000 
-0.759242 -0.022275 0.000000 -1.000000 
-0.780893 -0.021651 0.000000 -1.000000 
-0.801800 -0.020907 0.000000 -1.000000 
-0.821855 -0.020055 0.000000 -1.000000 
-0.840960 -0.019105 0.000000 -1.000000 
-0.859028 -0.018068 0.000000 -1.000000 
-0.875984 -0.016956 0.000000 -1.000000 
-0.891762 -0.015779 0.000000 -1.000000 
-0.906308 -0.014545 0.000000 -1.000000 
-0.919573 -0.013265 0.000000 -1.000000 
-0.931520 -0.011947 0.000000 -1.000000 
-0.942115 -0.010596 0.000000 -1.000000 
-0.951334 -0.009219 0.000000 -1.000000 
-0.959156 -0.007821 0.000000 -1.000000 
-0.965564 -0.006408 2.000000 -1.000000 
-0.968546 -0.002983 2.000000 -1.000000 
-0.968098 0.000448 2.000000 -1.000000 
-0.964220 0.003878 2.000000 -1.000000 
-0.956920 0.007301 2.000000 -1.000000 
-0.946210 0.010710 2.000000 -1.000000 
-0.932114 0.014096 2.000000 -1.000000 
-0.914665 0.017448 2.000000 -1.000000 
-0.893912 0.020753 2.000000 -1.000000 
-0.869918 0.023994 2.000000 -1.000000 
-0.842770 0.027148 2.000000 -1.000000 
-0.812577 0.030193 2.000000 -1.000000 
-0.779479 0.033099 2.000000 -1.000000 
-0.743644 0.035835 2.000000 -1.000000 
-0.705276 0.038368 2.000000 -1.000000 
-0.664612 0.040664 2.000000 -1.000000 
-0.621922 0.042690 2.000000 -1.000000 
-0.577505 0.044417 2.000000 -1.000000 
-0.531685 0.045820 2.000000 -1.000000 
-0.484805 0.046880 2.000000 -1.000000 
-0.437215 0.047590 2.000000 -1.000000 
-0.389266 0.047949 2.000000 -1.000000 
-0.341297 0.047969 2.000000 -1.000000 
-0.293628 0.047669 2.000000 -1.000000 
-0.246551 0.047078 2.000000 -1.000000 
-0.200320 0.046231 2.000000 -1.000000 
-0.155151 0.045169 2.000000 -1.000000 
-0.111217 0.043935 2.000000 -1.000000 
-0.068644 0.042573 2.000000 -1.000000 
-0.027519 0.041125 2.000000 -1.000000 
0.012115 0.039634 2.000000 -1.000000 
0.050251 0.038136 2.000000 -1.000000 
0.086915 0.036664 2.000000 -1.000000 
0.122163 0.035248 2.000000 -1.000000 
0.156078 0.033914 2.000000 -1.000000 
0.188761 0.032684 2.000000 -1.000000 
0.220335 0.031574 2.000000 -1.000000 
0.250936 0.030600 2.000000 -1.000000 
0.280712 0.029776 2.000000 -1.000000 
0.309823 0.029111 2.000000 -1.000000 
0.338438 0.028616 2.000000 -1.000000 
0.366736 0.028297 2.000000 -1.000000 
0.394899 0.028164 2.000000 -1.000000 
0.423122 0.028222 2.000000 -1.000000 
0.451602 0.028480 2.000000 -1.000000 
0.480546 0.028944 2.000000 -1.000000 