-0.461281 0.000000 0.000000 -1.000000 
-0.462746 -0.001465 0.000000 -1.000000 
-0.465665 -0.002919 0.000000 -1.000000 
-0.470015 -0.004351 0.000000 -1.000000 
-0.475766 -0.005751 0.000000 -1.000000 
-0.482875 -0.007109 0.000000 -1.000000 
-0.491288 -0.008413 0.000000 -1.000000 
-0.500943 -0.009655 0.000000 -1.000000 
-0.511768 -0.010825 0.000000 -1.000000 
-0.523682 -0.011914 0.000000 -1.000000 
-0.536595 -0.012913 0.000000 -1.000000 
-0.550410 -0.013816 0.000000 -1.000000 
-0.565025 -0.014615 0.000000 -1.000000 
-0.580330 -0.015305 0.000000 -1.000000 
-0.596211 -0.015881 0.000000 -1.000000 
-0.612552 -0.016341 0.000000 -1.000000 
-0.629234 -0.016682 0.000000 -1.000000 
-0.646137 -0.016903 0.000000 -1.000000 
-0.663141 -0.017004 0.000000 -1.000000 
-0.680129 -0.016988 0.000000 -1.000000 
-0.696986 -0.016857 0.000000 -1.000000 
-0.713600 -0.016614 0.000000 -1.000000 
-0.729865 -0.016265 0.000000 -1.000000 
-0.745680 -0.015815 0.000000 -1.000000 
-0.760950 -0.015270 0.000000 -1.000000 
-0.775586 -0.014636 0.000000 -1.000000 
-0.789507 -0.013921 0.000000 -1.000000 
-0.802639 -0.013132 0.000000 -1.000000 
-0.814914 -0.012275 0.000000 -1.000000 
-0.826272 -0.011358 0.000000 -1.000000 
-0.836660 -0.010387 0.000000 -1.000000 
-0.846029 -0.009370 0.000000 -1.000000 
-0.854340 -0.008311 0.000000 -1.000000 
-0.861559 -0.007218 0.000000 -1.000000 
-0.867654 -0.006096 0.000000 -1.000000 
-0.872604 -0.004950 0.000000 -1.000000 
-0.876389 -0.003785 0.000000 -1.000000 
-0.878995 -0.002606 2.000000 -1.000000 
-0.878413 0.000582 2.000000 -1.000000 
-0.874644 0.003769 2.000000 -1.000000 
-0.867703 0.006941 2.000000 -1.000000 
-0.857616 0.010087 2.000000 -1.000000 
-0.844422 0.013194 2.000000 -1.000000 
-0.828177 0.016245 2.000000 -1.000000 
-0.808952 0.019225 2.000000 -1.000000 
-0.786840 0.022113 2.000000 -1.000000 
-0.761951 0.024888 2.000000 -1.000000 
-0.734424 0.027527 2.000000 -1.000000 
-0.704419 0.030005 2.000000 -1.000000 
-0.672123 0.032296 2.000000 -1.000000 
-0.637749 0.034373 2.000000 -1.000000 
-0.601536 0.036213 2.000000 -1.000000 
-0.563744 0.037792 2.000000 -1.000000 
-0.524652 0.039092 2.000000 -1.000000 
-0.484552 0.040100 2.000000 -1.000000 
-0.443744 0.040808 2.000000 -1.000000 
-0.402529 0.041215 2.000000 -1.000000 
-0.361202 0.041327 2.000000 -1.000000 
-0.320046 0.041156 2.000000 -1.000000 
-0.279323 0.040723 2.000000 -1.000000 
-0.239272 0.040050 2.000000 -1.000000 
-0.200105 0.039167 2.000000 -1.000000 
-0.162001 0.038104 2.000000 -1.000000 
-0.125107 0.036894 2.000000 -1.000000 
-0.089539 0.035568 2.000000 -1.000000 
-0.055381 0.034158 2.000000 -1.000000 
-0.022689 0.032692 2.000000 -1.000000 
0.008509 0.031198 2.000000 -1.000000 
0.038207 0.029699 2.000000 -1.000000 
0.066422 0.028215 2.000000 -1.000000 
0.093187 0.026764 2.000000 -1.000000 
0.118548 0.025362 2.000000 -1.000000 
0.142566 0.024018 2.000000 -1.000000 
0.165309 0.022743 2.000000 -1.000000 
0.186854 0.021544 2.000000 -1.000000 
0.207281 0.020427 2.000000 -1.000000 
0.226676 0.019395 2.000000 -1.000000 
0.245127 0.018451 2.000000 -1.000000 
0.262724 0.017597 2.000000 -1.000000 
0.279558 0.016834 2.000000 -1.000000 
0.295721 0.016163 2.000000 -1.000000 
0.311305 0.015584 2.000000 -1.000000 
0.326403 0.015097 2.000000 -1.000000 
0.341106 0.014703 2.000000 -1.000000 
0.355507 0.014402 2.000000 -1.000000 
0.369701 0.014194 2.000000 -1.000000 
0.383782 0.014080 2.000000 -1.000000 
0.397844 0.014062 2.000000 -1.000000 
0.411985 0.014141 2.000000 -1.000000 
0.426304 0.014320 2.000000 -1.000000 
0.440905 0.014600 2.000000 -1.000000 
0.455891 0.014986 2.000000 -1.000000 
0.471373 0.015482 2.000000 -1.000000 
0.487465 0.016092 2.000000 -1.000000 
-0.590853 0.000000 2.000000 -1.000000 
-0.589352 0.001501 2.000000 -1.000000 
-0.586361 0.002991 2.000000 -1.000000 
-0.581902 0.004459 2.000000 -1.000000 
-0.576009 0.005894 2.000000 -1.000000 
-0.568723 0.007285 2.000000 -1.000000 
-0.560100 0.008623 2.000000 -1.000000 
-0.550204 0.009896 2.000000 -1.000000 
-0.539109 0.011095 2.000000 -1.000000 
-0.526897 0.012212 2.000000 -1.000000 
-0.513661 0.013236 2.000000 -1.000000 
-0.499499 0.014162 2.000000 -1.000000 
-0.484518 0.014981 2.000000 -1.000000 
-0.468829 0.015689 2.000000 -1.000000 
-0.452549 0.016280 2.000000 -1.000000 
-0.435798 0.016751 2.000000 -1.000000 
-0.418698 0.017100 2.000000 -1.000000 
-0.401372 0.017326 2.000000 -1.000000 
-0.383942 0.017430 2.000000 -1.000000 
-0.366529 0.017413 2.000000 -1.000000 
-0.349251 0.017278 2.000000 -1.000000 
-0.332221 0.017029 0.000000 -1.000000 
-0.317550 0.014671 0.000000 -1.000000 
-0.305327 0.012223 0.000000 -1.000000 
-0.295627 0.009700 0.000000 -1.000000 
-0.288507 0.007121 0.000000 -1.000000 
-0.284007 0.004500 0.000000 -1.000000 
-0.282153 0.001854 0.000000 -1.000000 
-0.282956 -0.000803 0.000000 -1.000000 
-0.286411 -0.003455 0.000000 -1.000000 
-0.292498 -0.006087 0.000000 -1.000000 
-0.301183 -0.008685 0.000000 -1.000000 
-0.312416 -0.011232 0.000000 -1.000000 
-0.326128 -0.013712 0.000000 -1.000000 
-0.342236 -0.016108 0.000000 -1.000000 
-0.360638 -0.018402 0.000000 -1.000000 
-0.381215 -0.020576 0.000000 -1.000000 
-0.403827 -0.022612 0.000000 -1.000000 
-0.428318 -0.024491 0.000000 -1.000000 
-0.454514 -0.026196 0.000000 -1.000000 
-0.482224 -0.027710 0.000000 -1.000000 
-0.511244 -0.029020 0.000000 -1.000000 
-0.541357 -0.030113 0.000000 -1.000000 
-0.572336 -0.030980 0.000000 -1.000000 
-0.603952 -0.031615 0.000000 -1.000000 
-0.635970 -0.032018 0.000000 -1.000000 
-0.668162 -0.032192 0.000000 -1.000000 
-0.700303 -0.032141 0.000000 -1.000000 
-0.732180 -0.031877 0.000000 -1.000000 
-0.763592 -0.031413 0.000000 -1.000000 
-0.794357 -0.030764 0.000000 -1.000000 
-0.824306 -0.029950 0.000000 -1.000000 
-0.853294 -0.028988 0.000000 -1.000000 
-0.881193 -0.027899 0.000000 -1.000000 
-0.907896 -0.026703 0.000000 -1.000000 
-0.933314 -0.025418 0.000000 -1.000000 
-0.957377 -0.024062 0.000000 -1.000000 
-0.980029 -0.022653 0.000000 -1.000000 
-1.001233 -0.021203 0.000000 -1.000000 
-1.020960 -0.019727 0.000000 -1.000000 
-1.039195 -0.018235 0.000000 -1.000000 
-1.055930 -0.016735 0.000000 -1.000000 
-1.071166 -0.015236 2.000000 -1.000000 
-1.082909 -0.011743 1.000000 -1.000000 
-1.092166 -0.009257 2.000000 -1.000000 
-1.097946 -0.005780 2.000000 -1.000000 
-1.100255 -0.002309 2.000000 -1.000000 
-1.099095 0.001160 2.000000 -1.000000 
-1.094466 0.004629 2.000000 -1.000000 
-1.086362 0.008104 2.000000 -1.000000 
-1.074775 0.011587 2.000000 -1.000000 
-1.059696 0.015079 2.000000 -1.000000 
-1.041119 0.018577 2.000000 -1.000000 
-1.019043 0.022076 2.000000 -1.000000 
-0.993476 0.025567 2.000000 -1.000000 
-0.964441 0.029035 2.000000 -1.000000 
-0.931982 0.032458 2.000000 -1.000000 
-0.896172 0.035811 2.000000 -1.000000 
-0.857113 0.039058 2.000000 -1.000000 
-0.814951 0.042163 2.000000 -1.000000 
-0.769871 0.045080 2.000000 -1.000000 
-0.722107 0.047764 2.000000 -1.000000 
-0.671941 0.050166 2.000000 -1.000000 
-0.619699 0.052242 2.000000 -1.000000 
-0.565746 0.053953 2.000000 -1.000000 
-0.510478 0.055268 2.000000 -1.000000 
-0.454308 0.056170 2.000000 -1.000000 
-0.397654 0.056654 2.000000 -1.000000 
-0.340923 0.056732 2.000000 -1.000000 
-0.284494 0.056429 2.000000 -1.000000 
-0.228708 0.055786 2.000000 -1.000000 
-0.173856 0.054851 2.000000 -1.000000 
-0.120173 0.053684 2.000000 -1.000000 
-0.067828 0.052345 2.000000 -1.000000 
-0.016932 0.050896 2.000000 -1.000000 
0.032467 0.049399 2.000000 -1.000000 
0.080378 0.047911 2.000000 -1.000000 
0.126862 0.046484 2.000000 -1.000000 
0.172024 0.045162 2.000000 -1.000000 
0.216012 0.043988 2.000000 -1.000000 
0.259007 0.042995 2.000000 -1.000000 
0.301220 0.042212 2.000000 -1.000000 
0.342885 0.041665 2.000000 -1.000000 
0.384260 0.041376 2.000000 -1.000000 
0.425621 0.041361 2.000000 -1.000000 
0.467257 0.041636 2.000000 -1.000000 
-0.436763 0.000000 1.000000 -1.000000 
-0.438407 -0.001644 0.000000 -1.000000 
-0.441683 -0.003276 0.000000 -1.000000 
-0.446567 -0.004884 1.000000 -1.000000 
-0.453023 -0.006457 1.000000 -1.000000 
-0.461006 -0.007982 0.000000 -1.000000 
-0.470454 -0.009449 0.000000 -1.000000 
-0.481300 -0.010846 1.000000 -1.000000 
-0.493462 -0.012162 0.000000 -1.000000 
-0.506850 -0.013388 1.000000 -1.000000 
-0.521363 -0.014513 0.000000 -1.000000 
-0.536894 -0.015530 2.000000 -1.000000 
-0.553324 -0.016430 1.000000 -1.000000 
-0.570532 -0.017208 2.000000 -1.000000 
-0.588389 -0.017857 0.000000 -1.000000 
-0.606763 -0.018374 2.000000 -1.000000 
-0.625520 -0.018757 1.000000 -1.000000 
-0.644524 -0.019004 2.000000 -1.000000 
-0.663641 -0.019117 0.000000 -1.000000 
-0.682739 -0.019097 0.000000 -1.000000 
-0.701687 -0.018949 2.000000 -1.000000 
-0.720363 -0.018676 0.000000 -1.000000 
-0.738647 -0.018284 1.000000 -1.000000 
-0.756428 -0.017781 2.000000 -1.000000 
-0.773601 -0.017173 2.000000 -1.000000 
-0.790070 -0.016469 0.000000 -1.000000 
-0.805747 -0.015677 1.000000 -1.000000 
-0.820551 -0.014804 1.000000 -1.000000 
-0.834412 -0.013860 2.000000 -1.000000 
-0.847265 -0.012853 0.000000 -1.000000 
-0.859054 -0.011789 2.000000 -1.000000 
-0.869730 -0.010677 1.000000 -1.000000 
-0.879253 -0.009523 1.000000 -1.000000 
-0.887587 -0.008334 1.000000 -1.000000 
-0.894701 -0.007115 1.000000 -1.000000 
-0.900573 -0.005872 2.000000 -1.000000 
-0.905183 -0.004610 1.000000 -1.000000 
-0.906516 -0.001333 1.000000 -1.000000 
-0.904569 0.001947 0.000000 -1.000000 
-0.899347 0.005222 0.000000 -1.000000 
-0.890867 0.008480 1.000000 -1.000000 
-0.879157 0.011710 0.000000 -1.000000 
-0.864257 0.014899 0.000000 -1.000000 
-0.846225 0.018032 1.000000 -1.000000 
-0.825134 0.021091 2.000000 -1.000000 
-0.801078 0.024057 1.000000 -1.000000 
-0.774172 0.026906 0.000000 -1.000000 
-0.744559 0.029613 2.000000 -1.000000 
-0.712408 0.032151 2.000000 -1.000000 
-0.677915 0.034493 1.000000 -1.000000 
-0.641306 0.036609 1.000000 -1.000000 
-0.602832 0.038474 1.000000 -1.000000 
-0.562769 0.040063 0.000000 -1.000000 
-0.521413 0.041356 0.000000 -1.000000 
-0.479074 0.042339 1.000000 -1.000000 
-0.436068 0.043006 0.000000 -1.000000 
-0.392710 0.043357 2.000000 -1.000000 
-0.349310 0.043401 0.000000 -1.000000 
-0.306157 0.043152 0.000000 -1.000000 
-0.263523 0.042635 1.000000 -1.000000 
-0.221646 0.041876 1.000000 -1.000000 
-0.180738 0.040909 2.000000 -1.000000 
-0.140970 0.039767 0.000000 -1.000000 
-0.102483 0.038488 0.000000 -1.000000 
-0.065378 0.037105 1.000000 -1.000000 
-0.029725 0.035653 2.000000 -1.000000 
0.004437 0.034163 2.000000 -1.000000 
0.037100 0.032663 1.000000 -1.000000 
0.068279 0.031178 0.000000 -1.000000 
0.098009 0.029731 2.000000 -1.000000 
0.125347 0.027338 1.000000 -1.000000 
0.151360 0.026013 2.000000 -1.000000 
0.176126 0.024766 1.000000 -1.000000 
0.199733 0.023607 0.000000 -1.000000 
0.222275 0.022542 1.000000 -1.000000 
0.243853 0.021578 1.000000 -1.000000 
0.264571 0.020718 2.000000 -1.000000 
0.284535 0.019965 0.000000 -1.000000 
0.303857 0.019321 0.000000 -1.000000 
0.322647 0.018790 2.000000 -1.000000 
0.341020 0.018373 2.000000 -1.000000 
0.359090 0.018071 1.000000 -1.000000 
0.376977 0.017886 0.000000 -1.000000 
0.394799 0.017822 2.000000 -1.000000 
0.412678 0.017880 2.000000 -1.000000 
0.430742 0.018063 2.000000 -1.000000 
0.449117 0.018376 0.000000 -1.000000 
0.467939 0.018822 0.000000 -1.000000 
0.487345 0.019406 1.000000 -1.000000 
-0.473028 0.000000 1.000000 -1.000000 
-0.472406 0.000622 1.000000 -1.000000 
-0.471166 0.001240 0.000000 -1.000000 
-0.469318 0.001848 0.000000 -1.000000 
-0.466875 0.002443 1.000000 -1.000000 
-0.463856 0.003019 1.000000 -1.000000 
-0.460282 0.003574 2.000000 -1.000000 
-0.456180 0.004102 0.000000 -1.000000 
-0.451581 0.004600 1.000000 -1.000000 
-0.448517 0.003064 2.000000 -1.000000 
-0.445012 0.003505 2.000000 -1.000000 
-0.441091 0.003921 0.000000 -1.000000 
-0.436782 0.004309 1.000000 -1.000000 
-0.433117 0.003665 1.000000 -1.000000 
-0.431122 0.001995 0.000000 -1.000000 
-0.430812 0.000310 0.000000 -1.000000 
-0.432189 -0.001377 0.000000 -1.000000 
-0.435243 -0.003054 2.000000 -1.000000 
-0.439952 -0.004709 0.000000 -1.000000 
-0.446282 -0.006330 1.000000 -1.000000 
-0.454187 -0.007904 0.000000 -1.000000 
-0.463608 -0.009421 1.000000 -1.000000 
-0.474477 -0.010869 0.000000 -1.000000 
-0.486713 -0.012236 0.000000 -1.000000 
-0.500224 -0.013512 2.000000 -1.000000 
-0.514912 -0.014687 0.000000 -1.000000 
-0.530664 -0.015752 1.000000 -1.000000 
-0.547363 -0.016699 2.000000 -1.000000 
-0.564884 -0.017521 0.000000 -1.000000 
-0.583097 -0.018212 1.000000 -1.000000 
-0.601865 -0.018768 1.000000 -1.000000 
-0.621052 -0.019187 0.000000 -1.000000 
-0.640518 -0.019466 2.000000 -1.000000 
-0.660126 -0.019607 0.000000 -1.000000 
-0.679737 -0.019612 0.000000 -1.000000 
-0.699220 -0.019483 0.000000 -1.000000 
-0.718446 -0.019226 0.000000 -1.000000 
-0.737293 -0.018846 1.000000 -1.000000 
-0.755644 -0.018351 2.000000 -1.000000 
-0.773392 -0.017748 0.000000 -1.000000 
-0.790437 -0.017045 1.000000 -1.000000 
-0.806688 -0.016251 0.000000 -1.000000 
-0.822062 -0.015374 2.000000 -1.000000 
-0.836485 -0.014423 1.000000 -1.000000 
-0.849891 -0.013406 2.000000 -1.000000 
-0.862222 -0.012331 0.000000 -1.000000 
-0.873428 -0.011206 0.000000 -1.000000 
-0.883467 -0.010038 2.000000 -1.000000 
-0.892301 -0.008834 2.000000 -1.000000 
-0.899900 -0.007599 2.000000 -1.000000 
-0.904239 -0.004339 0.000000 -1.000000 
-0.905305 -0.001066 1.000000 -1.000000 
-0.903093 0.002211 2.000000 -1.000000 
-0.897612 0.005481 2.000000 -1.000000 
-0.888878 0.008734 2.000000 -1.000000 
-0.876921 0.011957 2.000000 -1.000000 
-0.861783 0.015138 0.000000 -1.000000 
-0.843523 0.018261 2.000000 -1.000000 
-0.822214 0.021309 1.000000 -1.000000 
-0.797953 0.024260 1.000000 -1.000000 
-0.770860 0.027094 2.000000 -1.000000 
-0.741077 0.029783 0.000000 -1.000000 
-0.708777 0.032300 2.000000 -1.000000 
-0.674158 0.034619 0.000000 -1.000000 
-0.637448 0.036710 2.000000 -1.000000 
-0.598901 0.038547 1.000000 -1.000000 
-0.558793 0.040107 1.000000 -1.000000 
-0.517422 0.041371 1.000000 -1.000000 
-0.475098 0.042325 2.000000 -1.000000 
-0.432136 0.042962 1.000000 -1.000000 
-0.388851 0.043285 1.000000 -1.000000 
-0.345550 0.043301 0.000000 -1.000000 
-0.302521 0.043029 2.000000 -1.000000 
-0.260032 0.042489 0.000000 -1.000000 
-0.218319 0.041712 1.000000 -1.000000 
-0.177590 0.040730 0.000000 -1.000000 
-0.138014 0.039576 1.000000 -1.000000 
-0.099726 0.038287 1.000000 -1.000000 
-0.062828 0.036898 0.000000 -1.000000 
-0.027385 0.035443 1.000000 -1.000000 
0.006566 0.033951 1.000000 -1.000000 
0.039018 0.032452 1.000000 -1.000000 
0.069986 0.030969 2.000000 -1.000000 
0.099510 0.029524 1.000000 -1.000000 
0.127644 0.028134 0.000000 -1.000000 
0.154459 0.026815 0.000000 -1.000000 
0.180038 0.025579 2.000000 -1.000000 
0.204473 0.024435 1.000000 -1.000000 
0.227863 0.023391 0.000000 -1.000000 
0.250316 0.022452 0.000000 -1.000000 
0.271940 0.021625 1.000000 -1.000000 
0.292852 0.020911 2.000000 -1.000000 
0.313168 0.020316 1.000000 -1.000000 
0.333008 0.019840 1.000000 -1.000000 
0.352496 0.019488 0.000000 -1.000000 
0.371756 0.019260 1.000000 -1.000000 
0.390916 0.019160 0.000000 -1.000000 
0.410107 0.019191 1.000000 -1.000000 
0.429463 0.019356 0.000000 -1.000000 
0.449122 0.019659 1.000000 -1.000000 
0.469228 0.020106 1.000000 -1.000000 
0.489927 0.020700 1.000000 -1.000000 
-0.408528 0.000000 1.000000 -1.000000 
-0.410374 -0.001846 0.000000 -1.000000 
-0.414053 -0.003679 2.000000 -1.000000 
-0.419538 -0.005486 1.000000 -1.000000 
-0.426792 -0.007254 0.000000 -1.000000 
-0.435762 -0.008970 0.000000 -1.000000 
-0.446382 -0.010621 2.000000 -1.000000 
-0.458577 -0.012195 1.000000 -1.000000 
-0.472256 -0.013679 0.000000 -1.000000 
-0.487319 -0.015063 2.000000 -1.000000 
-0.503654 -0.016334 2.000000 -1.000000 
-0.521137 -0.017484 2.000000 -1.000000 
-0.539640 -0.018502 0.000000 -1.000000 
-0.559022 -0.019382 1.000000 -1.000000 
-0.579139 -0.020117 1.000000 -1.000000 
-0.599841 -0.020702 1.000000 -1.000000 
-0.620976 -0.021135 1.000000 -1.000000 
-0.642392 -0.021415 2.000000 -1.000000 
-0.663935 -0.021543 0.000000 -1.000000 
-0.685457 -0.021522 0.000000 -1.000000 
-0.706811 -0.021355 2.000000 -1.000000 
-0.727860 -0.021049 0.000000 -1.000000 
-0.748471 -0.020611 1.000000 -1.000000 
-0.768521 -0.020049 0.000000 -1.000000 
-0.787894 -0.019373 2.000000 -1.000000 
-0.806486 -0.018592 0.000000 -1.000000 
-0.824203 -0.017716 2.000000 -1.000000 
-0.840958 -0.016755 2.000000 -1.000000 
-0.856677 -0.015719 0.000000 -1.000000 
-0.871293 -0.014616 1.000000 -1.000000 
-0.884749 -0.013456 0.000000 -1.000000 
-0.896997 -0.012247 0.000000 -1.000000 
-0.907993 -0.010997 0.000000 -1.000000 
-0.917705 -0.009712 1.000000 -1.000000 
-0.926103 -0.008398 2.000000 -1.000000 
-0.933164 -0.007061 1.000000 -1.000000 
-0.938870 -0.005706 0.000000 -1.000000 
-0.941207 -0.002337 0.000000 -1.000000 
-0.940169 0.001038 0.000000 -1.000000 
-0.935759 0.004410 1.000000 -1.000000 
-0.927987 0.007772 2.000000 -1.000000 
-0.916874 0.011113 0.000000 -1.000000 
-0.902449 0.014425 0.000000 -1.000000 
-0.884756 0.017693 2.000000 -1.000000 
-0.863854 0.020902 2.000000 -1.000000 
-0.839821 0.024033 2.000000 -1.000000 
-0.812757 0.027065 2.000000 -1.000000 
-0.782785 0.029971 1.000000 -1.000000 
-0.750060 0.032725 2.000000 -1.000000 
-0.714764 0.035296 0.000000 -1.000000 
-0.677112 0.037652 2.000000 -1.000000 
-0.637348 0.039764 0.000000 -1.000000 
-0.595748 0.041600 0.000000 -1.000000 
-0.552611 0.043137 0.000000 -1.000000 
-0.508256 0.044354 0.000000 -1.000000 
-0.463017 0.045239 1.000000 -1.000000 
-0.417229 0.045788 2.000000 -1.000000 
-0.371226 0.046003 2.000000 -1.000000 
-0.325326 0.045900 1.000000 -1.000000 
-0.279827 0.045499 1.000000 -1.000000 
-0.234998 0.044829 0.000000 -1.000000 
-0.191073 0.043925 2.000000 -1.000000 
-0.148248 0.042825 2.000000 -1.000000 
-0.106680 0.041568 2.000000 -1.000000 
-0.066485 0.040195 0.000000 -1.000000 
-0.027740 0.038745 2.000000 -1.000000 
0.009513 0.037253 2.000000 -1.000000 
0.045267 0.035754 1.000000 -1.000000 
0.079544 0.034277 0.000000 -1.000000 
0.112392 0.032848 0.000000 -1.000000 
0.143881 0.031489 0.000000 -1.000000 
0.174099 0.030218 0.000000 -1.000000 
0.203151 0.029051 2.000000 -1.000000 
0.231153 0.028002 1.000000 -1.000000 
0.258232 0.027079 1.000000 -1.000000 
0.284524 0.026292 0.000000 -1.000000 
0.310173 0.025649 2.000000 -1.000000 
0.335329 0.025156 2.000000 -1.000000 
0.360146 0.024817 1.000000 -1.000000 
0.384786 0.024640 2.000000 -1.000000 
0.409415 0.024629 1.000000 -1.000000 
0.434204 0.024789 2.000000 -1.000000 
0.459331 0.025127 1.000000 -1.000000 
0.484979 0.025648 2.000000 -1.000000