-0.406692 0.000000 0.000000 -1.000000 
-0.408551 -0.001859 0.000000 -1.000000 
-0.412256 -0.003705 0.000000 -1.000000 
-0.417780 -0.005524 0.000000 -1.000000 
-0.425085 -0.007305 0.000000 -1.000000 
-0.434118 -0.009033 0.000000 -1.000000 
-0.444814 -0.010696 0.000000 -1.000000 
-0.457095 -0.012281 0.000000 -1.000000 
-0.470872 -0.013777 0.000000 -1.000000 
-0.486043 -0.015171 0.000000 -1.000000 
-0.502494 -0.016452 0.000000 -1.000000 
-0.520104 -0.017610 0.000000 -1.000000 
-0.538740 -0.018636 0.000000 -1.000000 
-0.558263 -0.019523 0.000000 -1.000000 
-0.578526 -0.020263 0.000000 -1.000000 
-0.599379 -0.020853 0.000000 -1.000000 
-0.620669 -0.021290 0.000000 -1.000000 
-0.642241 -0.021572 0.000000 -1.000000 
-0.663941 -0.021701 0.000000 -1.000000 
-0.685620 -0.021679 0.000000 -1.000000 
-0.707131 -0.021511 0.000000 -1.000000 
-0.728334 -0.021203 0.000000 -1.000000 
-0.749096 -0.020762 0.000000 -1.000000 
-0.769293 -0.020197 0.000000 -1.000000 
-0.788810 -0.019517 0.000000 -1.000000 
-0.807541 -0.018731 0.000000 -1.000000 
-0.825391 -0.017850 0.000000 -1.000000 
-0.842274 -0.016883 0.000000 -1.000000 
-0.858115 -0.015841 0.000000 -1.000000 
-0.872847 -0.014732 0.000000 -1.000000 
-0.886414 -0.013567 0.000000 -1.000000 
-0.898766 -0.012352 0.000000 -1.000000 
-0.909861 -0.011096 0.000000 -1.000000 
-0.919666 -0.009805 0.000000 -1.000000 
-0.928152 -0.008486 0.000000 -1.000000 
-0.935295 -0.007143 1.000000 -1.000000 
-0.940078 -0.004783 2.000000 -1.000000 
-0.941489 -0.001411 2.000000 -1.000000 
-0.939525 0.001964 2.000000 -1.000000 
-0.934190 0.005335 2.000000 -1.000000 
-0.925497 0.008693 2.000000 -1.000000 
-0.913469 0.012028 2.000000 -1.000000 
-0.898139 0.015330 2.000000 -1.000000 
-0.879556 0.018584 2.000000 -1.000000 
-0.857781 0.021774 2.000000 -1.000000 
-0.832900 0.024881 2.000000 -1.000000 
-0.805018 0.027882 2.000000 -1.000000 
-0.774267 0.030751 2.000000 -1.000000 
-0.740808 0.033459 2.000000 -1.000000 
-0.704834 0.035975 2.000000 -1.000000 
-0.666565 0.038268 2.000000 -1.000000 
-0.626258 0.040308 2.000000 -1.000000 
-0.584192 0.042066 2.000000 -1.000000 
-0.540674 0.043518 2.000000 -1.000000 
-0.496029 0.044646 2.000000 -1.000000 
-0.450590 0.045439 2.000000 -1.000000 
-0.404694 0.045896 2.000000 -1.000000 
-0.358671 0.046023 2.000000 -1.000000 
-0.312835 0.045836 2.000000 -1.000000 
-0.267477 0.045358 2.000000 -1.000000 
-0.222856 0.044621 2.000000 -1.000000 
-0.179197 0.043659 2.000000 -1.000000 
-0.136685 0.042512 2.000000 -1.000000 
-0.095466 0.041219 2.000000 -1.000000 
-0.055646 0.039821 2.000000 -1.000000 
-0.017290 0.038356 2.000000 -1.000000 
0.019569 0.036859 2.000000 -1.000000 
0.054932 0.035363 2.000000 -1.000000 
0.088829 0.033897 2.000000 -1.000000 
0.121315 0.032485 2.000000 -1.000000 
0.152464 0.031149 2.000000 -1.000000 
0.182370 0.029906 2.000000 -1.000000 
0.211141 0.028771 2.000000 -1.000000 
0.238897 0.027756 2.000000 -1.000000 
0.265768 0.026871 2.000000 -1.000000 
0.291892 0.026124 2.000000 -1.000000 
0.317416 0.025523 2.000000 -1.000000 
0.342489 0.025074 2.000000 -1.000000 
0.367270 0.024781 2.000000 -1.000000 
0.391921 0.024651 2.000000 -1.000000 
0.416611 0.024689 2.000000 -1.000000 
0.441511 0.024900 2.000000 -1.000000 
0.466802 0.025291 2.000000 -1.000000 
0.492669 0.025867 2.000000 -1.000000 
-0.498696 0.000000 2.000000 -1.000000 
-0.497882 0.000813 2.000000 -1.000000 
-0.496261 0.001621 2.000000 -1.000000 
-0.493846 0.002416 2.000000 -1.000000 
-0.490652 0.003193 2.000000 -1.000000 
-0.486706 0.003946 2.000000 -1.000000 
-0.482036 0.004670 2.000000 -1.000000 
-0.476677 0.005359 2.000000 -1.000000 
-0.470668 0.006009 2.000000 -1.000000 
-0.464055 0.006613 2.000000 -1.000000 
-0.456886 0.007169 2.000000 -1.000000 
-0.449214 0.007672 2.000000 -1.000000 
-0.441095 0.008119 2.000000 -1.000000 
-0.432589 0.008506 2.000000 -1.000000 
-0.423756 0.008832 2.000000 -1.000000 
-0.414662 0.009094 2.000000 -1.000000 
-0.405370 0.009292 2.000000 -1.000000 
-0.395946 0.009424 0.000000 -1.000000 
-0.388457 0.007490 0.000000 -1.000000 
-0.382953 0.005503 0.000000 -1.000000 
-0.379474 0.003480 0.000000 -1.000000 
-0.378042 0.001432 0.000000 -1.000000 
-0.378667 -0.000625 0.000000 -1.000000 
-0.381345 -0.002678 0.000000 -1.000000 
-0.386058 -0.004713 0.000000 -1.000000 
-0.392774 -0.006716 0.000000 -1.000000 
-0.401446 -0.008672 0.000000 -1.000000 
-0.412013 -0.010568 0.000000 -1.000000 
-0.424402 -0.012389 0.000000 -1.000000 
-0.438524 -0.014122 0.000000 -1.000000 
-0.454277 -0.015753 0.000000 -1.000000 
-0.471547 -0.017269 0.000000 -1.000000 
-0.490205 -0.018658 0.000000 -1.000000 
-0.510113 -0.019908 0.000000 -1.000000 
-0.531122 -0.021009 0.000000 -1.000000 
-0.553075 -0.021953 0.000000 -1.000000 
-0.575807 -0.022732 0.000000 -1.000000 
-0.599149 -0.023342 0.000000 -1.000000 
-0.622929 -0.023780 0.000000 -1.000000 
-0.646976 -0.024046 0.000000 -1.000000 
-0.671118 -0.024142 0.000000 -1.000000 
-0.695189 -0.024071 0.000000 -1.000000 
-0.719030 -0.023841 0.000000 -1.000000 
-0.742487 -0.023457 0.000000 -1.000000 
-0.765418 -0.022931 0.000000 -1.000000 
-0.787690 -0.022272 0.000000 -1.000000 
-0.809183 -0.021493 0.000000 -1.000000 
-0.829786 -0.020603 0.000000 -1.000000 
-0.849403 -0.019616 0.000000 -1.000000 
-0.867946 -0.018544 0.000000 -1.000000 
-0.885343 -0.017397 0.000000 -1.000000 
-0.901529 -0.016186 0.000000 -1.000000 
-0.916449 -0.014921 0.000000 -1.000000 
-0.930060 -0.013610 0.000000 -1.000000 
-0.942323 -0.012263 0.000000 -1.000000 
-0.953209 -0.010886 0.000000 -1.000000 
-0.962693 -0.009485 0.000000 -1.000000 
-0.970758 -0.008065 0.000000 -1.000000 
-0.977388 -0.006630 2.000000 -1.000000 
-0.980572 -0.003185 2.000000 -1.000000 
-0.980307 0.000266 2.000000 -1.000000 
-0.976591 0.003715 2.000000 -1.000000 
-0.969432 0.007160 2.000000 -1.000000 
-0.958840 0.010592 2.000000 -1.000000 
-0.944835 0.014005 2.000000 -1.000000 
-0.927448 0.017388 2.000000 -1.000000 
-0.906720 0.020728 2.000000 -1.000000 
-0.882711 0.024009 2.000000 -1.000000 
-0.855500 0.027211 2.000000 -1.000000 
-0.825191 0.030309 2.000000 -1.000000 
-0.791916 0.033275 2.000000 -1.000000 
-0.755840 0.036077 2.000000 -1.000000 
-0.717159 0.038681 2.000000 -1.000000 
-0.676107 0.041052 2.000000 -1.000000 
-0.632950 0.043157 2.000000 -1.000000 
-0.587988 0.044962 2.000000 -1.000000 
-0.541546 0.046442 2.000000 -1.000000 
-0.493969 0.047577 2.000000 -1.000000 
-0.445615 0.048355 2.000000 -1.000000 
-0.396840 0.048775 2.000000 -1.000000 
-0.347992 0.048847 2.000000 -1.000000 
-0.299402 0.048590 2.000000 -1.000000 
-0.251370 0.048033 2.000000 -1.000000 
-0.204159 0.047210 2.000000 -1.000000 
-0.157994 0.046165 2.000000 -1.000000 
-0.113054 0.044940 2.000000 -1.000000 
-0.069471 0.043583 1.000000 -1.000000 
-0.028334 0.041137 2.000000 -1.000000 
0.011312 0.039646 2.000000 -1.000000 
0.049460 0.038147 2.000000 -1.000000 
0.086135 0.036675 2.000000 -1.000000 
0.121392 0.035258 2.000000 -1.000000 
0.155314 0.033922 2.000000 -1.000000 
0.188003 0.032688 2.000000 -1.000000 
0.219578 0.031576 2.000000 -1.000000 
0.250177 0.030599 2.000000 -1.000000 
0.279947 0.029770 2.000000 -1.000000 
0.309049 0.029101 2.000000 -1.000000 
0.337650 0.028601 2.000000 -1.000000 
0.365928 0.028278 2.000000 -1.000000 
0.394066 0.028139 2.000000 -1.000000 
0.422258 0.028192 2.000000 -1.000000 
0.450701 0.028443 2.000000 -1.000000 
0.479602 0.028901 2.000000 -1.000000 
-0.457504 0.000000 2.000000 -1.000000 
-0.458996 -0.001492 2.000000 -1.000000 
-0.461970 -0.002974 2.000000 -1.000000 
-0.466404 -0.004434 2.000000 -1.000000 
-0.472264 -0.005860 2.000000 -1.000000 
-0.479508 -0.007244 2.000000 -1.000000 
-0.488082 -0.008574 2.000000 -1.000000 
-0.497921 -0.009839 2.000000 -1.000000 
-0.508953 -0.011032 2.000000 -1.000000 
-0.521095 -0.012142 2.000000 -1.000000 
-0.534255 -0.013160 2.000000 -1.000000 
-0.548336 -0.014081 2.000000 -1.000000 
-0.563231 -0.014895 2.000000 -1.000000 
-0.578830 -0.015599 2.000000 -1.000000 
-0.595016 -0.016186 2.000000 -1.000000 
-0.611671 -0.016655 2.000000 -1.000000 
-0.628673 -0.017002 2.000000 -1.000000 
-0.645899 -0.017227 2.000000 -1.000000 
-0.663229 -0.017330 2.000000 -1.000000 
-0.680543 -0.017313 2.000000 -1.000000 
-0.697722 -0.017179 2.000000 -1.000000 
-0.714653 -0.016932 2.000000 -1.000000 
-0.731229 -0.016576 2.000000 -1.000000 
-0.747347 -0.016118 2.000000 -1.000000 
-0.762910 -0.015563 2.000000 -1.000000 
-0.777828 -0.014918 2.000000 -1.000000 
-0.792018 -0.014191 2.000000 -1.000000 
-0.805407 -0.013388 2.000000 -1.000000 
-0.817925 -0.012518 2.000000 -1.000000 
-0.829511 -0.011586 2.000000 -1.000000 
-0.840111 -0.010601 2.000000 -1.000000 
-0.849679 -0.009568 2.000000 -1.000000 
-0.858173 -0.008494 2.000000 -1.000000 
-0.865558 -0.007385 2.000000 -1.000000 
-0.871806 -0.006247 2.000000 -1.000000 
-0.876891 -0.005085 2.000000 -1.000000 
-0.880796 -0.003905 0.000000 -1.000000 
-0.881506 -0.000710 0.000000 -1.000000 
-0.879018 0.002488 0.000000 -1.000000 
-0.873342 0.005676 0.000000 -1.000000 
-0.864498 0.008844 0.000000 -1.000000 
-0.852521 0.011978 0.000000 -1.000000 
-0.837457 0.015063 0.000000 -1.000000 
-0.819373 0.018084 0.000000 -1.000000 
-0.798350 0.021023 0.000000 -1.000000 
-0.774492 0.023858 0.000000 -1.000000 
-0.747926 0.026567 2.000000 -1.000000 
-0.718800 0.029125 2.000000 -1.000000 
-0.687293 0.031507 2.000000 -1.000000 
-0.653607 0.033686 2.000000 -1.000000 
-0.617971 0.035636 2.000000 -1.000000 
-0.580636 0.037335 2.000000 -1.000000 
-0.541876 0.038761 2.000000 -1.000000 
-0.501978 0.039898 2.000000 -1.000000 
-0.461243 0.040735 2.000000 -1.000000 
-0.419972 0.041271 2.000000 -1.000000 
-0.378466 0.041506 2.000000 -1.000000 
-0.337015 0.041451 2.000000 -1.000000 
-0.295891 0.041124 2.000000 -1.000000 
-0.255345 0.040546 2.000000 -1.000000 
-0.215601 0.039744 2.000000 -1.000000 
-0.176852 0.038749 2.000000 -1.000000 
-0.139259 0.037593 2.000000 -1.000000 
-0.102951 0.036308 2.000000 -1.000000 
-0.068025 0.034926 2.000000 -1.000000 
-0.034547 0.033478 2.000000 -1.000000 
-0.002555 0.031991 2.000000 -1.000000 
0.027936 0.030492 2.000000 -1.000000 
0.056937 0.029000 2.000000 -1.000000 
0.084473 0.027537 2.000000 -1.000000 
0.110590 0.026117 2.000000 -1.000000 
0.135343 0.024753 2.000000 -1.000000 
0.158799 0.023456 2.000000 -1.000000 
0.181033 0.022235 2.000000 -1.000000 
0.202127 0.021094 2.000000 -1.000000 
0.222167 0.020040 2.000000 -1.000000 
0.241242 0.019075 2.000000 -1.000000 
0.259444 0.018202 2.000000 -1.000000 
0.276865 0.017421 2.000000 -1.000000 
0.293601 0.016735 2.000000 -1.000000 
0.309745 0.016144 2.000000 -1.000000 
0.325393 0.015648 2.000000 -1.000000 
0.340640 0.015247 2.000000 -1.000000 
0.355583 0.014943 2.000000 -1.000000 
0.370319 0.014736 2.000000 -1.000000 
0.384945 0.014626 2.000000 -1.000000 
0.399561 0.014616 2.000000 -1.000000 
0.414268 0.014707 2.000000 -1.000000 
0.429169 0.014902 2.000000 -1.000000 
0.444372 0.015203 2.000000 -1.000000 
0.459986 0.015614 2.000000 -1.000000 
0.476126 0.016140 2.000000 -1.000000 
0.492911 0.016785 2.000000 -1.000000 
-0.465477 0.000000 0.000000 -1.000000 
-0.464910 0.000566 0.000000 -1.000000 
-0.463782 0.001128 0.000000 -1.000000 
-0.462100 0.001682 0.000000 -1.000000 
-0.459876 0.002224 0.000000 -1.000000 
-0.457128 0.002749 0.000000 -1.000000 
-0.453874 0.003253 0.000000 -1.000000 
-0.450140 0.003734 0.000000 -1.000000 
-0.445952 0.004188 2.000000 -1.000000 
-0.443342 0.002611 0.000000 -1.000000 
-0.440327 0.003014 0.000000 -1.000000 
-0.436931 0.003396 0.000000 -1.000000 
-0.433177 0.003754 2.000000 -1.000000 
-0.431094 0.002084 2.000000 -1.000000 
-0.430695 0.000399 2.000000 -1.000000 
-0.431984 -0.001289 2.000000 -1.000000 
-0.434951 -0.002967 2.000000 -1.000000 
-0.439575 -0.004624 2.000000 -1.000000 
-0.445823 -0.006248 2.000000 -1.000000 
-0.453649 -0.007826 2.000000 -1.000000 
-0.462996 -0.009347 2.000000 -1.000000 
-0.473795 -0.010799 2.000000 -1.000000 
-0.485966 -0.012171 2.000000 -1.000000 
-0.499419 -0.013453 2.000000 -1.000000 
-0.514052 -0.014634 2.000000 -1.000000 
-0.529758 -0.015705 2.000000 -1.000000 
-0.546417 -0.016659 2.000000 -1.000000 
-0.563905 -0.017488 2.000000 -1.000000 
-0.582092 -0.018187 2.000000 -1.000000 
-0.600842 -0.018750 2.000000 -1.000000 
-0.620018 -0.019176 2.000000 -1.000000 
-0.639481 -0.019463 2.000000 -1.000000 
-0.659092 -0.019611 2.000000 -1.000000 
-0.678715 -0.019623 2.000000 -1.000000 
-0.698216 -0.019501 2.000000 -1.000000 
-0.717466 -0.019250 2.000000 -1.000000 
-0.736343 -0.018877 2.000000 -1.000000 
-0.754731 -0.018388 2.000000 -1.000000 
-0.772520 -0.017790 2.000000 -1.000000 
-0.789612 -0.017091 2.000000 -1.000000 
-0.805913 -0.016302 2.000000 -1.000000 
-0.821342 -0.015428 2.000000 -1.000000 
-0.835822 -0.014481 2.000000 -1.000000 
-0.849289 -0.013467 2.000000 -1.000000 
-0.861683 -0.012394 2.000000 -1.000000 
-0.872955 -0.011272 2.000000 -1.000000 
-0.883061 -0.010106 2.000000 -1.000000 
-0.891963 -0.008903 2.000000 -1.000000 
-0.899632 -0.007669 2.000000 -1.000000 
-0.906042 -0.006410 0.000000 -1.000000 
-0.909173 -0.003131 2.000000 -1.000000 
-0.909015 0.000158 2.000000 -1.000000 
-0.905568 0.003446 2.000000 -1.000000 
-0.898844 0.006724 2.000000 -1.000000 
-0.888864 0.009980 2.000000 -1.000000 
-0.875660 0.013204 2.000000 -1.000000 
-0.859280 0.016380 2.000000 -1.000000 
-0.839787 0.019493 2.000000 -1.000000 
-0.817263 0.022524 2.000000 -1.000000 
-0.791810 0.025453 2.000000 -1.000000 
-0.763555 0.028254 2.000000 -1.000000 
-0.732653 0.030903 2.000000 -1.000000 
-0.699283 0.033370 2.000000 -1.000000 
-0.663656 0.035627 2.000000 -1.000000 
-0.626009 0.037647 2.000000 -1.000000 
-0.586606 0.039403 2.000000 -1.000000 
-0.545733 0.040873 2.000000 -1.000000 
-0.503695 0.042039 2.000000 -1.000000 
-0.460805 0.042889 2.000000 -1.000000 
-0.417384 0.043421 2.000000 -1.000000 
-0.373746 0.043638 2.000000 -1.000000 
-0.330194 0.043552 2.000000 -1.000000 
-0.287013 0.043181 2.000000 -1.000000 
-0.244461 0.042552 2.000000 -1.000000 
-0.202766 0.041695 2.000000 -1.000000 
-0.162123 0.040643 2.000000 -1.000000 
-0.122690 0.039433 2.000000 -1.000000 
-0.084589 0.038101 2.000000 -1.000000 
-0.047909 0.036681 2.000000 -1.000000 
-0.012702 0.035206 2.000000 -1.000000 
0.021006 0.033708 2.000000 -1.000000 
0.053219 0.032213 2.000000 -1.000000 
0.083964 0.030745 2.000000 -1.000000 
0.113288 0.029324 2.000000 -1.000000 
0.141255 0.027967 2.000000 -1.000000 
0.167943 0.026688 2.000000 -1.000000 
0.193441 0.025499 2.000000 -1.000000 
0.217849 0.024408 2.000000 -1.000000 
0.241272 0.023423 2.000000 -1.000000 
0.263822 0.022550 2.000000 -1.000000 
0.285615 0.021793 2.000000 -1.000000 
0.306771 0.021156 2.000000 -1.000000 
0.327413 0.020642 2.000000 -1.000000 
0.347667 0.020254 2.000000 -1.000000 
0.367662 0.019995 2.000000 -1.000000 
0.387529 0.019868 2.000000 -1.000000 
0.407404 0.019875 2.000000 -1.000000 
0.427426 0.020021 2.000000 -1.000000 
0.447736 0.020310 2.000000 -1.000000 
0.468481 0.020746 2.000000 -1.000000 
0.489816 0.021334 2.000000 -1.000000 
-0.406692 0.000000 0.000000 -1.000000 
-0.408551 -0.001859 0.000000 -1.000000 
-0.412256 -0.003705 0.000000 -1.000000 
-0.417780 -0.005524 0.000000 -1.000000 
-0.425085 -0.007305 0.000000 -1.000000 
-0.434118 -0.009033 0.000000 -1.000000 
-0.444814 -0.010696 0.000000 -1.000000 
-0.457095 -0.012281 0.000000 -1.000000 
-0.470872 -0.013777 0.000000 -1.000000 
-0.486043 -0.015171 0.000000 -1.000000 
-0.502494 -0.016452 0.000000 -1.000000 
-0.520104 -0.017610 0.000000 -1.000000 
-0.538740 -0.018636 0.000000 -1.000000 
-0.558263 -0.019523 0.000000 -1.000000 
-0.578526 -0.020263 0.000000 -1.000000 
-0.599379 -0.020853 0.000000 -1.000000 
-0.620669 -0.021290 0.000000 -1.000000 
-0.642241 -0.021572 0.000000 -1.000000 
-0.663941 -0.021701 0.000000 -1.000000 
-0.685620 -0.021679 0.000000 -1.000000 
-0.707131 -0.021511 0.000000 -1.000000 
-0.728334 -0.021203 0.000000 -1.000000 
-0.749096 -0.020762 0.000000 -1.000000 
-0.769293 -0.020197 0.000000 -1.000000 
-0.788810 -0.019517 0.000000 -1.000000 
-0.807541 -0.018731 0.000000 -1.000000 
-0.825391 -0.017850 0.000000 -1.000000 
-0.842274 -0.016883 0.000000 -1.000000 
-0.858115 -0.015841 0.000000 -1.000000 
-0.872847 -0.014732 0.000000 -1.000000 
-0.886414 -0.013567 0.000000 -1.000000 
-0.898766 -0.012352 0.000000 -1.000000 
-0.909861 -0.011096 0.000000 -1.000000 
-0.919666 -0.009805 0.000000 -1.000000 
-0.928152 -0.008486 0.000000 -1.000000 
-0.935295 -0.007143 1.000000 -1.000000 
-0.940078 -0.004783 2.000000 -1.000000 
-0.941489 -0.001411 2.000000 -1.000000 
-0.939525 0.001964 2.000000 -1.000000 
-0.934190 0.005335 2.000000 -1.000000 
-0.925497 0.008693 2.000000 -1.000000 
-0.913469 0.012028 2.000000 -1.000000 
-0.898139 0.015330 2.000000 -1.000000 
-0.879556 0.018584 2.000000 -1.000000 
-0.857781 0.021774 2.000000 -1.000000 
-0.832900 0.024881 2.000000 -1.000000 
-0.805018 0.027882 2.000000 -1.000000 
-0.774267 0.030751 2.000000 -1.000000 
-0.740808 0.033459 2.000000 -1.000000 
-0.704834 0.035975 2.000000 -1.000000 
-0.666565 0.038268 2.000000 -1.000000 
-0.626258 0.040308 2.000000 -1.000000 
-0.584192 0.042066 2.000000 -1.000000 
-0.540674 0.043518 2.000000 -1.000000 
-0.496029 0.044646 2.000000 -1.000000 
-0.450590 0.045439 2.000000 -1.000000 
-0.404694 0.045896 2.000000 -1.000000 
-0.358671 0.046023 2.000000 -1.000000 
-0.312835 0.045836 2.000000 -1.000000 
-0.267477 0.045358 2.000000 -1.000000 
-0.222856 0.044621 2.000000 -1.000000 
-0.179197 0.043659 2.000000 -1.000000 
-0.136685 0.042512 2.000000 -1.000000 
-0.095466 0.041219 2.000000 -1.000000 
-0.055646 0.039821 2.000000 -1.000000 
-0.017290 0.038356 2.000000 -1.000000 
0.019569 0.036859 2.000000 -1.000000 
0.054932 0.035363 2.000000 -1.000000 
0.088829 0.033897 2.000000 -1.000000 
0.121315 0.032485 2.000000 -1.000000 
0.152464 0.031149 2.000000 -1.000000 
0.182370 0.029906 2.000000 -1.000000 
0.211141 0.028771 2.000000 -1.000000 
0.238897 0.027756 2.000000 -1.000000 
0.265768 0.026871 2.000000 -1.000000 
0.291892 0.026124 2.000000 -1.000000 
0.317416 0.025523 2.000000 -1.000000 
0.342489 0.025074 2.000000 -1.000000 
0.367270 0.024781 2.000000 -1.000000 
0.391921 0.024651 2.000000 -1.000000 
0.416611 0.024689 2.000000 -1.000000 
0.441511 0.024900 2.000000 -1.000000 
0.466802 0.025291 2.000000 -1.000000 
0.492669 0.025867 2.000000 -1.000000 
-0.498696 0.000000 2.000000 -1.000000 
-0.497882 0.000813 2.000000 -1.000000 
-0.496261 0.001621 2.000000 -1.000000 
-0.493846 0.002416 2.000000 -1.000000 
-0.490652 0.003193 2.000000 -1.000000 
-0.486706 0.003946 2.000000 -1.000000 
-0.482036 0.004670 2.000000 -1.000000 
-0.476677 0.005359 2.000000 -1.000000 
-0.470668 0.006009 2.000000 -1.000000 
-0.464055 0.006613 2.000000 -1.000000 
-0.456886 0.007169 2.000000 -1.000000 
-0.449214 0.007672 2.000000 -1.000000 
-0.441095 0.008119 2.000000 -1.000000 
-0.432589 0.008506 2.000000 -1.000000 
-0.423756 0.008832 2.000000 -1.000000 
-0.414662 0.009094 2.000000 -1.000000 
-0.405370 0.009292 2.000000 -1.000000 
-0.395946 0.009424 0.000000 -1.000000 
-0.388457 0.007490 0.000000 -1.000000 
-0.382953 0.005503 0.000000 -1.000000 
-0.379474 0.003480 0.000000 -1.000000 
-0.378042 0.001432 0.000000 -1.000000 
-0.378667 -0.000625 0.000000 -1.000000 
-0.381345 -0.002678 0.000000 -1.000000 
-0.386058 -0.004713 0.000000 -1.000000 
-0.392774 -0.006716 0.000000 -1.000000 
-0.401446 -0.008672 0.000000 -1.000000 
-0.412013 -0.010568 0.000000 -1.000000 
-0.424402 -0.012389 0.000000 -1.000000 
-0.438524 -0.014122 0.000000 -1.000000 
-0.454277 -0.015753 0.000000 -1.000000 
-0.471547 -0.017269 0.000000 -1.000000 
-0.490205 -0.018658 0.000000 -1.000000 
-0.510113 -0.019908 0.000000 -1.000000 
-0.531122 -0.021009 0.000000 -1.000000 
-0.553075 -0.021953 0.000000 -1.000000 
-0.575807 -0.022732 0.000000 -1.000000 
-0.599149 -0.023342 0.000000 -1.000000 
-0.622929 -0.023780 0.000000 -1.000000 
-0.646976 -0.024046 0.000000 -1.000000 
-0.671118 -0.024142 0.000000 -1.000000 
-0.695189 -0.024071 0.000000 -1.000000 
-0.719030 -0.023841 0.000000 -1.000000 
-0.742487 -0.023457 0.000000 -1.000000 
-0.765418 -0.022931 0.000000 -1.000000 
-0.787690 -0.022272 0.000000 -1.000000 
-0.809183 -0.021493 0.000000 -1.000000 
-0.829786 -0.020603 0.000000 -1.000000 
-0.849403 -0.019616 0.000000 -1.000000 
-0.867946 -0.018544 0.000000 -1.000000 
-0.885343 -0.017397 0.000000 -1.000000 
-0.901529 -0.016186 0.000000 -1.000000 
-0.916449 -0.014921 0.000000 -1.000000 
-0.930060 -0.013610 0.000000 -1.000000 
-0.942323 -0.012263 0.000000 -1.000000 
-0.953209 -0.010886 0.000000 -1.000000 
-0.962693 -0.009485 0.000000 -1.000000 
-0.970758 -0.008065 0.000000 -1.000000 
-0.977388 -0.006630 2.000000 -1.000000 
-0.980572 -0.003185 2.000000 -1.000000 
-0.980307 0.000266 2.000000 -1.000000 
-0.976591 0.003715 2.000000 -1.000000 
-0.969432 0.007160 2.000000 -1.000000 
-0.958840 0.010592 2.000000 -1.000000 
-0.944835 0.014005 2.000000 -1.000000 
-0.927448 0.017388 2.000000 -1.000000 
-0.906720 0.020728 2.000000 -1.000000 
-0.882711 0.024009 2.000000 -1.000000 
-0.855500 0.027211 2.000000 -1.000000 
-0.825191 0.030309 2.000000 -1.000000 
-0.791916 0.033275 2.000000 -1.000000 
-0.755840 0.036077 2.000000 -1.000000 
-0.717159 0.038681 2.000000 -1.000000 
-0.676107 0.041052 2.000000 -1.000000 
-0.632950 0.043157 2.000000 -1.000000 
-0.587988 0.044962 2.000000 -1.000000 
-0.541546 0.046442 2.000000 -1.000000 
-0.493969 0.047577 2.000000 -1.000000 
-0.445615 0.048355 2.000000 -1.000000 
-0.396840 0.048775 2.000000 -1.000000 
-0.347992 0.048847 2.000000 -1.000000 
-0.299402 0.048590 2.000000 -1.000000 
-0.251370 0.048033 2.000000 -1.000000 
-0.204159 0.047210 2.000000 -1.000000 
-0.157994 0.046165 2.000000 -1.000000 
-0.113054 0.044940 2.000000 -1.000000 
-0.069471 0.043583 1.000000 -1.000000 
-0.028334 0.041137 2.000000 -1.000000 
0.011312 0.039646 2.000000 -1.000000 
0.049460 0.038147 2.000000 -1.000000 
0.086135 0.036675 2.000000 -1.000000 
0.121392 0.035258 2.000000 -1.000000 
0.155314 0.033922 2.000000 -1.000000 
0.188003 0.032688 2.000000 -1.000000 
0.219578 0.031576 2.000000 -1.000000 
0.250177 0.030599 2.000000 -1.000000 
0.279947 0.029770 2.000000 -1.000000 
0.309049 0.029101 2.000000 -1.000000 
0.337650 0.028601 2.000000 -1.000000 
0.365928 0.028278 2.000000 -1.000000 
0.394066 0.028139 2.000000 -1.000000 
0.422258 0.028192 2.000000 -1.000000 
0.450701 0.028443 2.000000 -1.000000 
0.479602 0.028901 2.000000 -1.000000 
-0.457504 0.000000 2.000000 -1.000000 
-0.458996 -0.001492 2.000000 -1.000000 
-0.461970 -0.002974 2.000000 -1.000000 
-0.466404 -0.004434 2.000000 -1.000000 
-0.472264 -0.005860 2.000000 -1.000000 
-0.479508 -0.007244 2.000000 -1.000000 
-0.488082 -0.008574 2.000000 -1.000000 
-0.497921 -0.009839 2.000000 -1.000000 
-0.508953 -0.011032 2.000000 -1.000000 
-0.521095 -0.012142 2.000000 -1.000000 
-0.534255 -0.013160 2.000000 -1.000000 
-0.548336 -0.014081 2.000000 -1.000000 
-0.563231 -0.014895 2.000000 -1.000000 
-0.578830 -0.015599 2.000000 -1.000000 
-0.595016 -0.016186 2.000000 -1.000000 
-0.611671 -0.016655 2.000000 -1.000000 
-0.628673 -0.017002 2.000000 -1.000000 
-0.645899 -0.017227 2.000000 -1.000000 
-0.663229 -0.017330 2.000000 -1.000000 
-0.680543 -0.017313 2.000000 -1.000000 
-0.697722 -0.017179 2.000000 -1.000000 
-0.714653 -0.016932 2.000000 -1.000000 
-0.731229 -0.016576 2.000000 -1.000000 
-0.747347 -0.016118 2.000000 -1.000000 
-0.762910 -0.015563 2.000000 -1.000000 
-0.777828 -0.014918 2.000000 -1.000000 
-0.792018 -0.014191 2.000000 -1.000000 
-0.805407 -0.013388 2.000000 -1.000000 
-0.817925 -0.012518 2.000000 -1.000000 
-0.829511 -0.011586 2.000000 -1.000000 
-0.840111 -0.010601 2.000000 -1.000000 
-0.849679 -0.009568 2.000000 -1.000000 
-0.858173 -0.008494 2.000000 -1.000000 
-0.865558 -0.007385 2.000000 -1.000000 
-0.871806 -0.006247 2.000000 -1.000000 
-0.876891 -0.005085 2.000000 -1.000000 
-0.880796 -0.003905 0.000000 -1.000000 
-0.881506 -0.000710 0.000000 -1.000000 
-0.879018 0.002488 0.000000 -1.000000 
-0.873342 0.005676 0.000000 -1.000000 
-0.864498 0.008844 0.000000 -1.000000 
-0.852521 0.011978 0.000000 -1.000000 
-0.837457 0.015063 0.000000 -1.000000 
-0.819373 0.018084 0.000000 -1.000000 
-0.798350 0.021023 0.000000 -1.000000 
-0.774492 0.023858 0.000000 -1.000000 
-0.747926 0.026567 2.000000 -1.000000 
-0.718800 0.029125 2.000000 -1.000000 
-0.687293 0.031507 2.000000 -1.000000 
-0.653607 0.033686 2.000000 -1.000000 
-0.617971 0.035636 2.000000 -1.000000 
-0.580636 0.037335 2.000000 -1.000000 
-0.541876 0.038761 2.000000 -1.000000 
-0.501978 0.039898 2.000000 -1.000000 
-0.461243 0.040735 2.000000 -1.000000 
-0.419972 0.041271 2.000000 -1.000000 
-0.378466 0.041506 2.000000 -1.000000 
-0.337015 0.041451 2.000000 -1.000000 
-0.295891 0.041124 2.000000 -1.000000 
-0.255345 0.040546 2.000000 -1.000000 
-0.215601 0.039744 2.000000 -1.000000 
-0.176852 0.038749 2.000000 -1.000000 
-0.139259 0.037593 2.000000 -1.000000 
-0.102951 0.036308 2.000000 -1.000000 
-0.068025 0.034926 2.000000 -1.000000 
-0.034547 0.033478 2.000000 -1.000000 
-0.002555 0.031991 2.000000 -1.000000 
0.027936 0.030492 2.000000 -1.000000 
0.056937 0.029000 2.000000 -1.000000 
0.084473 0.027537 2.000000 -1.000000 
0.110590 0.026117 2.000000 -1.000000 
0.135343 0.024753 2.000000 -1.000000 
0.158799 0.023456 2.000000 -1.000000 
0.181033 0.022235 2.000000 -1.000000 
0.202127 0.021094 2.000000 -1.000000 
0.222167 0.020040 2.000000 -1.000000 
0.241242 0.019075 2.000000 -1.000000 
0.259444 0.018202 2.000000 -1.000000 
0.276865 0.017421 2.000000 -1.000000 
0.293601 0.016735 2.000000 -1.000000 
0.309745 0.016144 2.000000 -1.000000 
0.325393 0.015648 2.000000 -1.000000 
0.340640 0.015247 2.000000 -1.000000 
0.355583 0.014943 2.000000 -1.000000 
0.370319 0.014736 2.000000 -1.000000 
0.384945 0.014626 2.000000 -1.000000 
0.399561 0.014616 2.000000 -1.000000 
0.414268 0.014707 2.000000 -1.000000 
0.429169 0.014902 2.000000 -1.000000 
0.444372 0.015203 2.000000 -1.000000 
0.459986 0.015614 2.000000 -1.000000 
0.476126 0.016140 2.000000 -1.000000 
0.492911 0.016785 2.000000 -1.000000 
-0.465477 0.000000 0.000000 -1.000000 
-0.464910 0.000566 0.000000 -1.000000 
-0.463782 0.001128 0.000000 -1.000000 
-0.462100 0.001682 0.000000 -1.000000 
-0.459876 0.002224 0.000000 -1.000000 
-0.457128 0.002749 0.000000 -1.000000 
-0.453874 0.003253 0.000000 -1.000000 
-0.450140 0.003734 0.000000 -1.000000 
-0.445952 0.004188 2.000000 -1.000000 
-0.443342 0.002611 0.000000 -1.000000 
-0.440327 0.003014 0.000000 -1.000000 
-0.436931 0.003396 0.000000 -1.000000 
-0.433177 0.003754 2.000000 -1.000000 
-0.431094 0.002084 2.000000 -1.000000 
-0.430695 0.000399 2.000000 -1.000000 
-0.431984 -0.001289 2.000000 -1.000000 
-0.434951 -0.002967 2.000000 -1.000000 
-0.439575 -0.004624 2.000000 -1.000000 
-0.445823 -0.006248 2.000000 -1.000000 
-0.453649 -0.007826 2.000000 -1.000000 
-0.462996 -0.009347 2.000000 -1.000000 
-0.473795 -0.010799 2.000000 -1.000000 
-0.485966 -0.012171 2.000000 -1.000000 
-0.499419 -0.013453 2.000000 -1.000000 
-0.514052 -0.014634 2.000000 -1.000000 
-0.529758 -0.015705 2.000000 -1.000000 
-0.546417 -0.016659 2.000000 -1.000000 
-0.563905 -0.017488 2.000000 -1.000000 
-0.582092 -0.018187 2.000000 -1.000000 
-0.600842 -0.018750 2.000000 -1.000000 
-0.620018 -0.019176 2.000000 -1.000000 
-0.639481 -0.019463 2.000000 -1.000000 
-0.659092 -0.019611 2.000000 -1.000000 
-0.678715 -0.019623 2.000000 -1.000000 
-0.698216 -0.019501 2.000000 -1.000000 
-0.717466 -0.019250 2.000000 -1.000000 
-0.736343 -0.018877 2.000000 -1.000000 
-0.754731 -0.018388 2.000000 -1.000000 
-0.772520 -0.017790 2.000000 -1.000000 
-0.789612 -0.017091 2.000000 -1.000000 
-0.805913 -0.016302 2.000000 -1.000000 
-0.821342 -0.015428 2.000000 -1.000000 
-0.835822 -0.014481 2.000000 -1.000000 
-0.849289 -0.013467 2.000000 -1.000000 
-0.861683 -0.012394 2.000000 -1.000000 
-0.872955 -0.011272 2.000000 -1.000000 
-0.883061 -0.010106 2.000000 -1.000000 
-0.891963 -0.008903 2.000000 -1.000000 
-0.899632 -0.007669 2.000000 -1.000000 
-0.906042 -0.006410 0.000000 -1.000000 
-0.909173 -0.003131 2.000000 -1.000000 
-0.909015 0.000158 2.000000 -1.000000 
-0.905568 0.003446 2.000000 -1.000000 
-0.898844 0.006724 2.000000 -1.000000 
-0.888864 0.009980 2.000000 -1.000000 
-0.875660 0.013204 2.000000 -1.000000 
-0.859280 0.016380 2.000000 -1.000000 
-0.839787 0.019493 2.000000 -1.000000 
-0.817263 0.022524 2.000000 -1.000000 
-0.791810 0.025453 2.000000 -1.000000 
-0.763555 0.028254 2.000000 -1.000000 
-0.732653 0.030903 2.000000 -1.000000 
-0.699283 0.033370 2.000000 -1.000000 
-0.663656 0.035627 2.000000 -1.000000 
-0.626009 0.037647 2.000000 -1.000000 
-0.586606 0.039403 2.000000 -1.000000 
-0.545733 0.040873 2.000000 -1.000000 
-0.503695 0.042039 2.000000 -1.000000 
-0.460805 0.042889 2.000000 -1.000000 
-0.417384 0.043421 2.000000 -1.000000 
-0.373746 0.043638 2.000000 -1.000000 
-0.330194 0.043552 2.000000 -1.000000 
-0.287013 0.043181 2.000000 -1.000000 
-0.244461 0.042552 2.000000 -1.000000 
-0.202766 0.041695 2.000000 -1.000000 
-0.162123 0.040643 2.000000 -1.000000 
-0.122690 0.039433 2.000000 -1.000000 
-0.084589 0.038101 2.000000 -1.000000 
-0.047909 0.036681 2.000000 -1.000000 
-0.012702 0.035206 2.000000 -1.000000 
0.021006 0.033708 2.000000 -1.000000 
0.053219 0.032213 2.000000 -1.000000 
0.083964 0.030745 2.000000 -1.000000 
0.113288 0.029324 2.000000 -1.000000 
0.141255 0.027967 2.000000 -1.000000 
0.167943 0.026688 2.000000 -1.000000 
0.193441 0.025499 2.000000 -1.000000 
0.217849 0.024408 2.000000 -1.000000 
0.241272 0.023423 2.000000 -1.000000 
0.263822 0.022550 2.000000 -1.000000 
0.285615 0.021793 2.000000 -1.000000 
0.306771 0.021156 2.000000 -1.000000 
0.327413 0.020642 2.000000 -1.000000 
0.347667 0.020254 2.000000 -1.000000 
0.367662 0.019995 2.000000 -1.000000 
0.387529 0.019868 2.000000 -1.000000 
0.407404 0.019875 2.000000 -1.000000 
0.427426 0.020021 2.000000 -1.000000 
0.447736 0.020310 2.000000 -1.000000 
0.468481 0.020746 2.000000 -1.000000 
0.489816 0.021334 2.000000 -1.000000 