-0.406692 0.000000 0.000000 -1.000000 
-0.408551 -0.001859 0.000000 -1.000000 
-0.412256 -0.003705 0.000000 -1.000000 
-0.417780 -0.005524 0.000000 -1.000000 
-0.425085 -0.007305 0.000000 -1.000000 
-0.434118 -0.009033 0.000000 -1.000000 
-0.444814 -0.010696 0.000000 -1.000000 
-0.457095 -0.012281 0.000000 -1.000000 
-0.470872 -0.013777 0.000000 -1.000000 
-0.486043 -0.015171 0.000000 -1.000000 
-0.502494 -0.016452 0.000000 -1.000000 
-0.520104 -0.017610 0.000000 -1.000000 
-0.538740 -0.018636 0.000000 -1.000000 
-0.558263 -0.019523 0.000000 -1.000000 
-0.578526 -0.020263 0.000000 -1.000000 
-0.599379 -0.020853 0.000000 -1.000000 
-0.620669 -0.021290 0.000000 -1.000000 
-0.642241 -0.021572 0.000000 -1.000000 
-0.663941 -0.021701 0.000000 -1.000000 
-0.685620 -0.021679 0.000000 -1.000000 
-0.707131 -0.021511 0.000000 -1.000000 
-0.728334 -0.021203 0.000000 -1.000000 
-0.749096 -0.020762 0.000000 -1.000000 
-0.769293 -0.020197 0.000000 -1.000000 
-0.788810 -0.019517 0.000000 -1.000000 
-0.807541 -0.018731 0.000000 -1.000000 
-0.825391 -0.017850 0.000000 -1.000000 
-0.842274 -0.016883 0.000000 -1.000000 
-0.858115 -0.015841 0.000000 -1.000000 
-0.872847 -0.014732 0.000000 -1.000000 
-0.886414 -0.013567 0.000000 -1.000000 
-0.898766 -0.012352 0.000000 -1.000000 
-0.909861 -0.011096 0.000000 -1.000000 
-0.919666 -0.009805 0.000000 -1.000000 
-0.928152 -0.008486 0.000000 -1.000000 
-0.935295 -0.007143 1.000000 -1.000000 
-0.940078 -0.004783 2.000000 -1.000000 
-0.941489 -0.001411 2.000000 -1.000000 
-0.939525 0.001964 2.000000 -1.000000 
-0.934190 0.005335 2.000000 -1.000000 
-0.925497 0.008693 2.000000 -1.000000 
-0.913469 0.012028 2.000000 -1.000000 
-0.898139 0.015330 2.000000 -1.000000 
-0.879556 0.018584 2.000000 -1.000000 
-0.857781 0.021774 2.000000 -1.000000 
-0.832900 0.024881 2.000000 -1.000000 
-0.805018 0.027882 2.000000 -1.000000 
-0.774267 0.030751 2.000000 -1.000000 
-0.740808 0.033459 2.000000 -1.000000 
-0.704834 0.035975 2.000000 -1.000000 
-0.666565 0.038268 2.000000 -1.000000 
-0.626258 0.040308 2.000000 -1.000000 
-0.584192 0.042066 2.000000 -1.000000 
-0.540674 0.043518 2.000000 -1.000000 
-0.496029 0.044646 2.000000 -1.000000 
-0.450590 0.045439 2.000000 -1.000000 
-0.404694 0.045896 2.000000 -1.000000 
-0.358671 0.046023 2.000000 -1.000000 
-0.312835 0.045836 2.000000 -1.000000 
-0.267477 0.045358 2.000000 -1.000000 
-0.222856 0.044621 2.000000 -1.000000 
-0.179197 0.043659 2.000000 -1.000000 
-0.136685 0.042512 2.000000 -1.000000 
-0.095466 0.041219 2.000000 -1.000000 
-0.055646 0.039821 2.000000 -1.000000 
-0.017290 0.038356 2.000000 -1.000000 
0.019569 0.036859 2.000000 -1.000000 
0.054932 0.035363 2.000000 -1.000000 
0.088829 0.033897 2.000000 -1.000000 
0.121315 0.032485 2.000000 -1.000000 
0.152464 0.031149 2.000000 -1.000000 
0.182370 0.029906 2.000000 -1.000000 
0.211141 0.028771 2.000000 -1.000000 
0.238897 0.027756 2.000000 -1.000000 
0.265768 0.026871 2.000000 -1.000000 
0.291892 0.026124 2.000000 -1.000000 
0.317416 0.025523 2.000000 -1.000000 
0.342489 0.025074 2.000000 -1.000000 
0.367270 0.024781 2.000000 -1.000000 
0.391921 0.024651 2.000000 -1.000000 
0.416611 0.024689 2.000000 -1.000000 
0.441511 0.024900 2.000000 -1.000000 
0.466802 0.025291 2.000000 -1.000000 
0.492669 0.025867 2.000000 -1.000000 
-0.498696 0.000000 2.000000 -1.000000 
-0.497882 0.000813 2.000000 -1.000000 
-0.496261 0.001621 2.000000 -1.000000 
-0.493846 0.002416 2.000000 -1.000000 
-0.490652 0.003193 2.000000 -1.000000 
-0.486706 0.003946 2.000000 -1.000000 
-0.482036 0.004670 2.000000 -1.000000 
-0.476677 0.005359 2.000000 -1.000000 
-0.470668 0.006009 2.000000 -1.000000 
-0.464055 0.006613 2.000000 -1.000000 
-0.456886 0.007169 2.000000 -1.000000 
-0.449214 0.007672 2.000000 -1.000000 
-0.441095 0.008119 2.000000 -1.000000 
-0.432589 0.008506 2.000000 -1.000000 
-0.423756 0.008832 2.000000 -1.000000 
-0.414662 0.009094 2.000000 -1.000000 
-0.405370 0.009292 2.000000 -1.000000 
-0.395946 0.009424 0.000000 -1.000000 
-0.388457 0.007490 0.000000 -1.000000 
-0.382953 0.005503 0.000000 -1.000000 
-0.379474 0.003480 0.000000 -1.000000 
-0.378042 0.001432 0.000000 -1.000000 
-0.378667 -0.000625 0.000000 -1.000000 
-0.381345 -0.002678 0.000000 -1.000000 
-0.386058 -0.004713 0.000000 -1.000000 
-0.392774 -0.006716 0.000000 -1.000000 
-0.401446 -0.008672 0.000000 -1.000000 
-0.412013 -0.010568 0.000000 -1.000000 
-0.424402 -0.012389 0.000000 -1.000000 
-0.438524 -0.014122 0.000000 -1.000000 
-0.454277 -0.015753 0.000000 -1.000000 
-0.471547 -0.017269 0.000000 -1.000000 
-0.490205 -0.018658 0.000000 -1.000000 
-0.510113 -0.019908 0.000000 -1.000000 
-0.531122 -0.021009 0.000000 -1.000000 
-0.553075 -0.021953 0.000000 -1.000000 
-0.575807 -0.022732 0.000000 -1.000000 
-0.599149 -0.023342 0.000000 -1.000000 
-0.622929 -0.023780 0.000000 -1.000000 
-0.646976 -0.024046 0.000000 -1.000000 
-0.671118 -0.024142 0.000000 -1.000000 
-0.695189 -0.024071 0.000000 -1.000000 
-0.719030 -0.023841 0.000000 -1.000000 
-0.742487 -0.023457 0.000000 -1.000000 
-0.765418 -0.022931 0.000000 -1.000000 
-0.787690 -0.022272 0.000000 -1.000000 
-0.809183 -0.021493 0.000000 -1.000000 
-0.829786 -0.020603 0.000000 -1.000000 
-0.849403 -0.019616 0.000000 -1.000000 
-0.867946 -0.018544 0.000000 -1.000000 
-0.885343 -0.017397 0.000000 -1.000000 
-0.901529 -0.016186 0.000000 -1.000000 
-0.916449 -0.014921 0.000000 -1.000000 
-0.930060 -0.013610 0.000000 -1.000000 
-0.942323 -0.012263 0.000000 -1.000000 
-0.953209 -0.010886 0.000000 -1.000000 
-0.962693 -0.009485 0.000000 -1.000000 
-0.970758 -0.008065 0.000000 -1.000000 
-0.977388 -0.006630 2.000000 -1.000000 
-0.980572 -0.003185 2.000000 -1.000000 
-0.980307 0.000266 2.000000 -1.000000 
-0.976591 0.003715 2.000000 -1.000000 
-0.969432 0.007160 2.000000 -1.000000 
-0.958840 0.010592 2.000000 -1.000000 
-0.944835 0.014005 2.000000 -1.000000 
-0.927448 0.017388 2.000000 -1.000000 
-0.906720 0.020728 2.000000 -1.000000 
-0.882711 0.024009 2.000000 -1.000000 
-0.855500 0.027211 2.000000 -1.000000 
-0.825191 0.030309 2.000000 -1.000000 
-0.791916 0.033275 2.000000 -1.000000 
-0.755840 0.036077 2.000000 -1.000000 
-0.717159 0.038681 2.000000 -1.000000 
-0.676107 0.041052 2.000000 -1.000000 
-0.632950 0.043157 2.000000 -1.000000 
-0.587988 0.044962 2.000000 -1.000000 
-0.541546 0.046442 2.000000 -1.000000 
-0.493969 0.047577 2.000000 -1.000000 
-0.445615 0.048355 2.000000 -1.000000 
-0.396840 0.048775 2.000000 -1.000000 
-0.347992 0.048847 2.000000 -1.000000 
-0.299402 0.048590 2.000000 -1.000000 
-0.251370 0.048033 2.000000 -1.000000 
-0.204159 0.047210 2.000000 -1.000000 
-0.157994 0.046165 2.000000 -1.000000 
-0.113054 0.044940 2.000000 -1.000000 
-0.069471 0.043583 1.000000 -1.000000 
-0.028334 0.041137 2.000000 -1.000000 
0.011312 0.039646 2.000000 -1.000000 
0.049460 0.038147 2.000000 -1.000000 
0.086135 0.036675 2.000000 -1.000000 
0.121392 0.035258 2.000000 -1.000000 
0.155314 0.033922 2.000000 -1.000000 
0.188003 0.032688 2.000000 -1.000000 
0.219578 0.031576 2.000000 -1.000000 
0.250177 0.030599 2.000000 -1.000000 
0.279947 0.029770 2.000000 -1.000000 
0.309049 0.029101 2.000000 -1.000000 
0.337650 0.028601 2.000000 -1.000000 
0.365928 0.028278 2.000000 -1.000000 
0.394066 0.028139 2.000000 -1.000000 
0.422258 0.028192 2.000000 -1.000000 
0.450701 0.028443 2.000000 -1.000000 
0.479602 0.028901 2.000000 -1.000000 
-0.457504 0.000000 2.000000 -1.000000 
-0.458996 -0.001492 2.000000 -1.000000 
-0.461970 -0.002974 2.000000 -1.000000 
-0.466404 -0.004434 2.000000 -1.000000 
-0.472264 -0.005860 2.000000 -1.000000 
-0.479508 -0.007244 2.000000 -1.000000 
-0.488082 -0.008574 2.000000 -1.000000 
-0.497921 -0.009839 2.000000 -1.000000 
-0.508953 -0.011032 2.000000 -1.000000 
-0.521095 -0.012142 2.000000 -1.000000 
-0.534255 -0.013160 2.000000 -1.000000 
-0.548336 -0.014081 2.000000 -1.000000 
-0.563231 -0.014895 2.000000 -1.000000 
-0.578830 -0.015599 2.000000 -1.000000 
-0.595016 -0.016186 2.000000 -1.000000 
-0.611671 -0.016655 2.000000 -1.000000 
-0.628673 -0.017002 2.000000 -1.000000 
-0.645899 -0.017227 2.000000 -1.000000 
-0.663229 -0.017330 2.000000 -1.000000 
-0.680543 -0.017313 2.000000 -1.000000 
-0.697722 -0.017179 2.000000 -1.000000 
-0.714653 -0.016932 2.000000 -1.000000 
-0.731229 -0.016576 2.000000 -1.000000 
-0.747347 -0.016118 2.000000 -1.000000 
-0.762910 -0.015563 2.000000 -1.000000 
-0.777828 -0.014918 2.000000 -1.000000 
-0.792018 -0.014191 2.000000 -1.000000 
-0.805407 -0.013388 2.000000 -1.000000 
-0.817925 -0.012518 2.000000 -1.000000 
-0.829511 -0.011586 2.000000 -1.000000 
-0.840111 -0.010601 2.000000 -1.000000 
-0.849679 -0.009568 2.000000 -1.000000 
-0.858173 -0.008494 2.000000 -1.000000 
-0.865558 -0.007385 2.000000 -1.000000 
-0.871806 -0.006247 2.000000 -1.000000 
-0.876891 -0.005085 2.000000 -1.000000 
-0.880796 -0.003905 0.000000 -1.000000 
-0.881506 -0.000710 0.000000 -1.000000 
-0.879018 0.002488 0.000000 -1.000000 
-0.873342 0.005676 0.000000 -1.000000 
-0.864498 0.008844 0.000000 -1.000000 
-0.852521 0.011978 0.000000 -1.000000 
-0.837457 0.015063 0.000000 -1.000000 
-0.819373 0.018084 0.000000 -1.000000 
-0.798350 0.021023 0.000000 -1.000000 
-0.774492 0.023858 0.000000 -1.000000 
-0.747926 0.026567 2.000000 -1.000000 
-0.718800 0.029125 2.000000 -1.000000 
-0.687293 0.031507 2.000000 -1.000000 
-0.653607 0.033686 2.000000 -1.000000 
-0.617971 0.035636 2.000000 -1.000000 
-0.580636 0.037335 2.000000 -1.000000 
-0.541876 0.038761 2.000000 -1.000000 
-0.501978 0.039898 2.000000 -1.000000 
-0.461243 0.040735 2.000000 -1.000000 
-0.419972 0.041271 2.000000 -1.000000 
-0.378466 0.041506 2.000000 -1.000000 
-0.337015 0.041451 2.000000 -1.000000 
-0.295891 0.041124 2.000000 -1.000000 
-0.255345 0.040546 2.000000 -1.000000 
-0.215601 0.039744 2.000000 -1.000000 
-0.176852 0.038749 2.000000 -1.000000 
-0.139259 0.037593 2.000000 -1.000000 
-0.102951 0.036308 2.000000 -1.000000 
-0.068025 0.034926 2.000000 -1.000000 
-0.034547 0.033478 2.000000 -1.000000 
-0.002555 0.031991 2.000000 -1.000000 
0.027936 0.030492 2.000000 -1.000000 
0.056937 0.029000 2.000000 -1.000000 
0.084473 0.027537 2.000000 -1.000000 
0.110590 0.026117 2.000000 -1.000000 
0.135343 0.024753 2.000000 -1.000000 
0.158799 0.023456 2.000000 -1.000000 
0.181033 0.022235 2.000000 -1.000000 
0.202127 0.021094 2.000000 -1.000000 
0.222167 0.020040 2.000000 -1.000000 
0.241242 0.019075 2.000000 -1.000000 
0.259444 0.018202 2.000000 -1.000000 
0.276865 0.017421 2.000000 -1.000000 
0.293601 0.016735 2.000000 -1.000000 
0.309745 0.016144 2.000000 -1.000000 
0.325393 0.015648 2.000000 -1.000000 
0.340640 0.015247 2.000000 -1.000000 
0.355583 0.014943 2.000000 -1.000000 
0.370319 0.014736 2.000000 -1.000000 
0.384945 0.014626 2.000000 -1.000000 
0.399561 0.014616 2.000000 -1.000000 
0.414268 0.014707 2.000000 -1.000000 
0.429169 0.014902 2.000000 -1.000000 
0.444372 0.015203 2.000000 -1.000000 
0.459986 0.015614 2.000000 -1.000000 
0.476126 0.016140 2.000000 -1.000000 
0.492911 0.016785 2.000000 -1.000000 
-0.465477 0.000000 0.000000 -1.000000 
-0.464910 0.000566 0.000000 -1.000000 
-0.463782 0.001128 0.000000 -1.000000 
-0.462100 0.001682 0.000000 -1.000000 
-0.459876 0.002224 0.000000 -1.000000 
-0.457128 0.002749 0.000000 -1.000000 
-0.453874 0.003253 0.000000 -1.000000 
-0.450140 0.003734 0.000000 -1.000000 
-0.445952 0.004188 2.000000 -1.000000 
-0.443342 0.002611 0.000000 -1.000000 
-0.440327 0.003014 0.000000 -1.000000 
-0.436931 0.003396 0.000000 -1.000000 
-0.433177 0.003754 2.000000 -1.000000 
-0.431094 0.002084 2.000000 -1.000000 
-0.430695 0.000399 2.000000 -1.000000 
-0.431984 -0.001289 2.000000 -1.000000 
-0.434951 -0.002967 2.000000 -1.000000 
-0.439575 -0.004624 2.000000 -1.000000 
-0.445823 -0.006248 2.000000 -1.000000 
-0.453649 -0.007826 2.000000 -1.000000 
-0.462996 -0.009347 2.000000 -1.000000 
-0.473795 -0.010799 2.000000 -1.000000 
-0.485966 -0.012171 2.000000 -1.000000 
-0.499419 -0.013453 2.000000 -1.000000 
-0.514052 -0.014634 2.000000 -1.000000 
-0.529758 -0.015705 2.000000 -1.000000 
-0.546417 -0.016659 2.000000 -1.000000 
-0.563905 -0.017488 2.000000 -1.000000 
-0.582092 -0.018187 2.000000 -1.000000 
-0.600842 -0.018750 2.000000 -1.000000 
-0.620018 -0.019176 2.000000 -1.000000 
-0.639481 -0.019463 2.000000 -1.000000 
-0.659092 -0.019611 2.000000 -1.000000 
-0.678715 -0.019623 2.000000 -1.000000 
-0.698216 -0.019501 2.000000 -1.000000 
-0.717466 -0.019250 2.000000 -1.000000 
-0.736343 -0.018877 2.000000 -1.000000 
-0.754731 -0.018388 2.000000 -1.000000 
-0.772520 -0.017790 2.000000 -1.000000 
-0.789612 -0.017091 2.000000 -1.000000 
-0.805913 -0.016302 2.000000 -1.000000 
-0.821342 -0.015428 2.000000 -1.000000 
-0.835822 -0.014481 2.000000 -1.000000 
-0.849289 -0.013467 2.000000 -1.000000 
-0.861683 -0.012394 2.000000 -1.000000 
-0.872955 -0.011272 2.000000 -1.000000 
-0.883061 -0.010106 2.000000 -1.000000 
-0.891963 -0.008903 2.000000 -1.000000 
-0.899632 -0.007669 2.000000 -1.000000 
-0.906042 -0.006410 0.000000 -1.000000 
-0.909173 -0.003131 2.000000 -1.000000 
-0.909015 0.000158 2.000000 -1.000000 
-0.905568 0.003446 2.000000 -1.000000 
-0.898844 0.006724 2.000000 -1.000000 
-0.888864 0.009980 2.000000 -1.000000 
-0.875660 0.013204 2.000000 -1.000000 
-0.859280 0.016380 2.000000 -1.000000 
-0.839787 0.019493 2.000000 -1.000000 
-0.817263 0.022524 2.000000 -1.000000 
-0.791810 0.025453 2.000000 -1.000000 
-0.763555 0.028254 2.000000 -1.000000 
-0.732653 0.030903 2.000000 -1.000000 
-0.699283 0.033370 2.000000 -1.000000 
-0.663656 0.035627 2.000000 -1.000000 
-0.626009 0.037647 2.000000 -1.000000 
-0.586606 0.039403 2.000000 -1.000000 
-0.545733 0.040873 2.000000 -1.000000 
-0.503695 0.042039 2.000000 -1.000000 
-0.460805 0.042889 2.000000 -1.000000 
-0.417384 0.043421 2.000000 -1.000000 
-0.373746 0.043638 2.000000 -1.000000 
-0.330194 0.043552 2.000000 -1.000000 
-0.287013 0.043181 2.000000 -1.000000 
-0.244461 0.042552 2.000000 -1.000000 
-0.202766 0.041695 2.000000 -1.000000 
-0.162123 0.040643 2.000000 -1.000000 
-0.122690 0.039433 2.000000 -1.000000 
-0.084589 0.038101 2.000000 -1.000000 
-0.047909 0.036681 2.000000 -1.000000 
-0.012702 0.035206 2.000000 -1.000000 
0.021006 0.033708 2.000000 -1.000000 
0.053219 0.032213 2.000000 -1.000000 
0.083964 0.030745 2.000000 -1.000000 
0.113288 0.029324 2.000000 -1.000000 
0.141255 0.027967 2.000000 -1.000000 
0.167943 0.026688 2.000000 -1.000000 
0.193441 0.025499 2.000000 -1.000000 
0.217849 0.024408 2.000000 -1.000000 
0.241272 0.023423 2.000000 -1.000000 
0.263822 0.022550 2.000000 -1.000000 
0.285615 0.021793 2.000000 -1.000000 
0.306771 0.021156 2.000000 -1.000000 
0.327413 0.020642 2.000000 -1.000000 
0.347667 0.020254 2.000000 -1.000000 
0.367662 0.019995 2.000000 -1.000000 
0.387529 0.019868 2.000000 -1.000000 
0.407404 0.019875 2.000000 -1.000000 
0.427426 0.020021 2.000000 -1.000000 
0.447736 0.020310 2.000000 -1.000000 
0.468481 0.020746 2.000000 -1.000000 
0.489816 0.021334 2.000000 -1.000000 
-0.426995 0.000000 2.000000 -1.000000 
-0.428709 -0.001714 2.000000 -1.000000 
-0.432126 -0.003417 2.000000 -1.000000 
-0.437220 -0.005094 2.000000 -1.000000 
-0.443954 -0.006735 2.000000 -1.000000 
-0.452281 -0.008326 2.000000 -1.000000 
-0.462138 -0.009857 2.000000 -1.000000 
-0.473453 -0.011315 2.000000 -1.000000 
-0.486143 -0.012690 2.000000 -1.000000 
-0.500114 -0.013970 2.000000 -1.000000 
-0.515260 -0.015146 2.000000 -1.000000 
-0.531469 -0.016209 2.000000 -1.000000 
-0.548619 -0.017150 2.000000 -1.000000 
-0.566582 -0.017962 2.000000 -1.000000 
-0.585223 -0.018641 2.000000 -1.000000 
-0.604404 -0.019181 2.000000 -1.000000 
-0.623985 -0.019581 2.000000 -1.000000 
-0.643825 -0.019840 2.000000 -1.000000 
-0.663783 -0.019957 2.000000 -1.000000 
-0.683719 -0.019937 2.000000 -1.000000 
-0.703501 -0.019782 2.000000 -1.000000 
-0.722998 -0.019497 2.000000 -1.000000 
-0.742087 -0.019089 2.000000 -1.000000 
-0.760652 -0.018565 2.000000 -1.000000 
-0.778585 -0.017933 2.000000 -1.000000 
-0.795787 -0.017202 2.000000 -1.000000 
-0.812167 -0.016380 2.000000 -1.000000 
-0.827644 -0.015476 2.000000 -1.000000 
-0.842143 -0.014499 2.000000 -1.000000 
-0.855600 -0.013457 2.000000 -1.000000 
-0.867960 -0.012359 2.000000 -1.000000 
-0.879172 -0.011212 2.000000 -1.000000 
-0.889195 -0.010023 2.000000 -1.000000 
-0.897993 -0.008799 2.000000 -1.000000 
-0.905538 -0.007545 2.000000 -1.000000 
-0.911805 -0.006267 2.000000 -1.000000 
-0.916776 -0.004971 0.000000 -1.000000 
-0.918436 -0.001660 0.000000 -1.000000 
-0.916779 0.001656 0.000000 -1.000000 
-0.911812 0.004967 0.000000 -1.000000 
-0.903548 0.008264 0.000000 -1.000000 
-0.892013 0.011535 0.000000 -1.000000 
-0.877244 0.014769 0.000000 -1.000000 
-0.859293 0.017951 0.000000 -1.000000 
-0.838228 0.021064 2.000000 -1.000000 
-0.814139 0.024089 2.000000 -1.000000 
-0.787137 0.027002 2.000000 -1.000000 
-0.757357 0.029779 2.000000 -1.000000 
-0.724965 0.032392 2.000000 -1.000000 
-0.690152 0.034812 2.000000 -1.000000 
-0.653142 0.037010 2.000000 -1.000000 
-0.614184 0.038958 2.000000 -1.000000 
-0.573556 0.040629 2.000000 -1.000000 
-0.531554 0.042002 2.000000 -1.000000 
-0.488492 0.043062 2.000000 -1.000000 
-0.444693 0.043799 2.000000 -1.000000 
-0.400481 0.044213 2.000000 -1.000000 
-0.356171 0.044310 2.000000 -1.000000 
-0.312064 0.044106 2.000000 -1.000000 
-0.268440 0.043624 2.000000 -1.000000 
-0.225548 0.042892 1.000000 -1.000000 
-0.184605 0.040943 2.000000 -1.000000 
-0.144789 0.039817 2.000000 -1.000000 
-0.106240 0.038549 2.000000 -1.000000 
-0.069065 0.037175 2.000000 -1.000000 
-0.033337 0.035728 2.000000 -1.000000 
0.000903 0.034241 2.000000 -1.000000 
0.033644 0.032741 2.000000 -1.000000 
0.064897 0.031253 2.000000 -1.000000 
0.094698 0.029801 2.000000 -1.000000 
0.123098 0.028401 2.000000 -1.000000 
0.150168 0.027069 2.000000 -1.000000 
0.175986 0.025819 2.000000 -1.000000 
0.200646 0.024659 2.000000 -1.000000 
0.224244 0.023599 2.000000 -1.000000 
0.246887 0.022643 2.000000 -1.000000 
0.268686 0.021798 2.000000 -1.000000 
0.289753 0.021067 2.000000 -1.000000 
0.310207 0.020454 2.000000 -1.000000 
0.330167 0.019960 2.000000 -1.000000 
0.349757 0.019590 2.000000 -1.000000 
0.369101 0.019344 2.000000 -1.000000 
0.388328 0.019227 2.000000 -1.000000 
0.407568 0.019240 2.000000 -1.000000 
0.426954 0.019387 2.000000 -1.000000 
0.446627 0.019672 2.000000 -1.000000 
0.466727 0.020100 2.000000 -1.000000 
0.487402 0.020676 2.000000 -1.000000 
-0.547436 0.000000 0.000000 -1.000000 
-0.546257 0.001179 0.000000 -1.000000 
-0.543909 0.002348 0.000000 -1.000000 
-0.540408 0.003501 0.000000 -1.000000 
-0.535781 0.004627 0.000000 -1.000000 
-0.530063 0.005718 0.000000 -1.000000 
-0.523297 0.006767 0.000000 -1.000000 
-0.515533 0.007764 0.000000 -1.000000 
-0.506829 0.008704 0.000000 -1.000000 
-0.497251 0.009578 0.000000 -1.000000 
-0.486870 0.010381 0.000000 -1.000000 
-0.475764 0.011106 0.000000 -1.000000 
-0.464016 0.011748 0.000000 -1.000000 
-0.451713 0.012304 0.000000 -1.000000 
-0.438944 0.012769 0.000000 -1.000000 
-0.425803 0.013141 0.000000 -1.000000 
-0.412386 0.013418 0.000000 -1.000000 
-0.398787 0.013599 0.000000 -1.000000 
-0.385102 0.013685 2.000000 -1.000000 
-0.373427 0.011675 2.000000 -1.000000 
-0.363840 0.009587 2.000000 -1.000000 
-0.356406 0.007434 2.000000 -1.000000 
-0.351174 0.005232 2.000000 -1.000000 
-0.348178 0.002996 2.000000 -1.000000 
-0.347438 0.000740 2.000000 -1.000000 
-0.348959 -0.001521 2.000000 -1.000000 
-0.352730 -0.003771 2.000000 -1.000000 
-0.358727 -0.005997 2.000000 -1.000000 
-0.366912 -0.008184 2.000000 -1.000000 
-0.377228 -0.010317 2.000000 -1.000000 
-0.389607 -0.012379 2.000000 -1.000000 
-0.403965 -0.014357 2.000000 -1.000000 
-0.420200 -0.016236 2.000000 -1.000000 
-0.438199 -0.017999 2.000000 -1.000000 
-0.457831 -0.019632 2.000000 -1.000000 
-0.478953 -0.021122 2.000000 -1.000000 
-0.501410 -0.022456 2.000000 -1.000000 
-0.525032 -0.023622 2.000000 -1.000000 
-0.549644 -0.024612 2.000000 -1.000000 
-0.575060 -0.025416 2.000000 -1.000000 
-0.601092 -0.026032 2.000000 -1.000000 
-0.627548 -0.026456 2.000000 -1.000000 
-0.654237 -0.026689 2.000000 -1.000000 
-0.680971 -0.026734 2.000000 -1.000000 
-0.707569 -0.026597 2.000000 -1.000000 
-0.733855 -0.026286 2.000000 -1.000000 
-0.759667 -0.025812 2.000000 -1.000000 
-0.784853 -0.025186 2.000000 -1.000000 
-0.809274 -0.024421 2.000000 -1.000000 
-0.832805 -0.023531 2.000000 -1.000000 
-0.855336 -0.022531 2.000000 -1.000000 
-0.876769 -0.021434 2.000000 -1.000000 
-0.897022 -0.020253 0.000000 -1.000000 
-0.916025 -0.019003 0.000000 -1.000000 
-0.933719 -0.017694 0.000000 -1.000000 
-0.950056 -0.016337 0.000000 -1.000000 
-0.964999 -0.014943 0.000000 -1.000000 
-0.978517 -0.013518 0.000000 -1.000000 
-0.990588 -0.012071 0.000000 -1.000000 
-1.001196 -0.010607 0.000000 -1.000000 
-1.010326 -0.009131 2.000000 -1.000000 
-1.015973 -0.005646 2.000000 -1.000000 
-1.018130 -0.002157 2.000000 -1.000000 
-1.016796 0.001333 2.000000 -1.000000 
-1.011973 0.004823 2.000000 -1.000000 
-1.003664 0.008309 2.000000 -1.000000 
-0.991877 0.011788 2.000000 -1.000000 
-0.976623 0.015253 2.000000 -1.000000 
-0.957926 0.018698 2.000000 -1.000000 
-0.935817 0.022108 2.000000 -1.000000 
-0.910347 0.025470 2.000000 -1.000000 
-0.881585 0.028762 2.000000 -1.000000 
-0.849625 0.031960 2.000000 -1.000000 
-0.814591 0.035034 2.000000 -1.000000 
-0.776642 0.037949 2.000000 -1.000000 
-0.735972 0.040670 2.000000 -1.000000 
-0.692814 0.043157 2.000000 -1.000000 
-0.647442 0.045373 2.000000 -1.000000 
-0.600162 0.047280 2.000000 -1.000000 
-0.551312 0.048849 2.000000 -1.000000 
-0.501255 0.050057 2.000000 -1.000000 
-0.450366 0.050890 2.000000 -1.000000 
-0.399021 0.051345 2.000000 -1.000000 
-0.347589 0.051432 2.000000 -1.000000 
-0.296417 0.051172 2.000000 -1.000000 
-0.245820 0.050597 2.000000 -1.000000 
-0.196073 0.049747 2.000000 -1.000000 
-0.147406 0.048667 2.000000 -1.000000 
-0.099998 0.047408 2.000000 -1.000000 
-0.053979 0.046019 2.000000 -1.000000 
-0.009427 0.044552 2.000000 -1.000000 
0.033626 0.043053 2.000000 -1.000000 
0.075192 0.041566 2.000000 -1.000000 
0.115321 0.040129 2.000000 -1.000000 
0.154098 0.038777 2.000000 -1.000000 
0.191637 0.037540 2.000000 -1.000000 
0.228079 0.036441 2.000000 -1.000000 
0.263583 0.035504 2.000000 -1.000000 
0.298329 0.034746 2.000000 -1.000000 
0.332511 0.034182 2.000000 -1.000000 
0.366337 0.033826 2.000000 -1.000000 
0.400027 0.033690 2.000000 -1.000000 
0.433811 0.033784 2.000000 -1.000000 
0.467930 0.034119 2.000000 -1.000000 
-0.556353 0.000000 0.000000 -1.000000 
-0.555108 0.001245 0.000000 -1.000000 
-0.552626 0.002481 0.000000 -1.000000 
-0.548928 0.003699 0.000000 -1.000000 
-0.544039 0.004888 0.000000 -1.000000 
-0.537998 0.006042 0.000000 -1.000000 
-0.530848 0.007150 0.000000 -1.000000 
-0.522644 0.008204 0.000000 -1.000000 
-0.513447 0.009197 0.000000 -1.000000 
-0.503327 0.010121 0.000000 -1.000000 
-0.492358 0.010969 0.000000 -1.000000 
-0.480623 0.011735 0.000000 -1.000000 
-0.468210 0.012413 0.000000 -1.000000 
-0.455210 0.013000 0.000000 -1.000000 
-0.441719 0.013491 0.000000 -1.000000 
-0.427837 0.013883 0.000000 -1.000000 
-0.413663 0.014174 0.000000 -1.000000 
-0.399298 0.014365 0.000000 -1.000000 
-0.384844 0.014454 0.000000 -1.000000 
-0.370401 0.014443 1.000000 -1.000000 
-0.357067 0.013334 2.000000 -1.000000 
-0.345931 0.011136 2.000000 -1.000000 
-0.337065 0.008866 2.000000 -1.000000 
-0.330526 0.006539 2.000000 -1.000000 
-0.326356 0.004170 2.000000 -1.000000 
-0.324580 0.001776 2.000000 -1.000000 
-0.325210 -0.000630 2.000000 -1.000000 
-0.328241 -0.003031 2.000000 -1.000000 
-0.333655 -0.005414 2.000000 -1.000000 
-0.341418 -0.007763 2.000000 -1.000000 
-0.351480 -0.010062 2.000000 -1.000000 
-0.363776 -0.012296 2.000000 -1.000000 
-0.378226 -0.014450 2.000000 -1.000000 
-0.394731 -0.016506 2.000000 -1.000000 
-0.413179 -0.018448 2.000000 -1.000000 
-0.433441 -0.020261 2.000000 -1.000000 
-0.455370 -0.021929 2.000000 -1.000000 
-0.478808 -0.023437 2.000000 -1.000000 
-0.503580 -0.024772 2.000000 -1.000000 
-0.529502 -0.025922 2.000000 -1.000000 
-0.556381 -0.026878 2.000000 -1.000000 
-0.584013 -0.027633 2.000000 -1.000000 
-0.612195 -0.028182 2.000000 -1.000000 
-0.640721 -0.028525 2.000000 -1.000000 
-0.669386 -0.028665 2.000000 -1.000000 
-0.697992 -0.028606 2.000000 -1.000000 
-0.726349 -0.028357 2.000000 -1.000000 
-0.754277 -0.027928 2.000000 -1.000000 
-0.781610 -0.027333 2.000000 -1.000000 
-0.808196 -0.026586 2.000000 -1.000000 
-0.833897 -0.025701 2.000000 -1.000000 
-0.858593 -0.024696 2.000000 -1.000000 
-0.882178 -0.023585 0.000000 -1.000000 
-0.904563 -0.022386 0.000000 -1.000000 
-0.925674 -0.021111 0.000000 -1.000000 
-0.945450 -0.019775 0.000000 -1.000000 
-0.963840 -0.018391 0.000000 -1.000000 
-0.980809 -0.016969 0.000000 -1.000000 
-0.996327 -0.015518 0.000000 -1.000000 
-1.010374 -0.014047 0.000000 -1.000000 
-1.022936 -0.012562 0.000000 -1.000000 
-1.034005 -0.011069 2.000000 -1.000000 
-1.041576 -0.007571 2.000000 -1.000000 
-1.045647 -0.004071 2.000000 -1.000000 
-1.046218 -0.000571 2.000000 -1.000000 
-1.043290 0.002929 2.000000 -1.000000 
-1.036861 0.006429 2.000000 -1.000000 
-1.026934 0.009927 2.000000 -1.000000 
-1.013511 0.013423 2.000000 -1.000000 
-0.996601 0.016910 2.000000 -1.000000 
-0.976219 0.020381 2.000000 -1.000000 
-0.952395 0.023825 2.000000 -1.000000 
-0.925170 0.027224 2.000000 -1.000000 
-0.894612 0.030559 2.000000 -1.000000 
-0.860810 0.033801 2.000000 -1.000000 
-0.823890 0.036921 2.000000 -1.000000 
-0.784009 0.039880 2.000000 -1.000000 
-0.741369 0.042641 2.000000 -1.000000 
-0.696208 0.045160 2.000000 -1.000000 
-0.648811 0.047398 2.000000 -1.000000 
-0.599496 0.049315 2.000000 -1.000000 
-0.548617 0.050879 2.000000 -1.000000 
-0.496550 0.052067 2.000000 -1.000000 
-0.443686 0.052864 2.000000 -1.000000 
-0.390416 0.053270 2.000000 -1.000000 
-0.337118 0.053298 2.000000 -1.000000 
-0.284147 0.052971 2.000000 -1.000000 
-0.231821 0.052326 2.000000 -1.000000 
-0.180415 0.051406 2.000000 -1.000000 
-0.130151 0.050264 2.000000 -1.000000 
-0.081199 0.048952 2.000000 -1.000000 
-0.033674 0.047526 2.000000 -1.000000 
0.012365 0.046038 2.000000 -1.000000 
0.056905 0.044540 2.000000 -1.000000 
0.099981 0.043076 2.000000 -1.000000 
0.141669 0.041688 2.000000 -1.000000 
0.182079 0.040410 2.000000 -1.000000 
0.221354 0.039274 2.000000 -1.000000 
0.259659 0.038305 2.000000 -1.000000 
0.297186 0.037526 2.000000 -1.000000 
0.334142 0.036956 2.000000 -1.000000 
0.370752 0.036610 2.000000 -1.000000 
0.407255 0.036504 2.000000 -1.000000 
0.443904 0.036649 2.000000 -1.000000 
0.480961 0.037057 2.000000 -1.000000 
-0.535773 0.000000 0.000000 -1.000000 
-0.534681 0.001091 0.000000 -1.000000 
-0.532507 0.002174 0.000000 -1.000000 
-0.529266 0.003241 0.000000 -1.000000 
-0.524982 0.004284 0.000000 -1.000000 
-0.519688 0.005294 0.000000 -1.000000 
-0.513423 0.006265 0.000000 -1.000000 
-0.506235 0.007188 0.000000 -1.000000 
-0.498177 0.008058 0.000000 -1.000000 
-0.489309 0.008868 0.000000 -1.000000 
-0.479698 0.009611 0.000000 -1.000000 
-0.469415 0.010283 0.000000 -1.000000 
-0.458537 0.010878 0.000000 -1.000000 
-0.447144 0.011393 0.000000 -1.000000 
-0.435319 0.011825 0.000000 -1.000000 
-0.423148 0.012170 0.000000 -1.000000 
-0.410720 0.012428 0.000000 -1.000000 
-0.398122 0.012598 0.000000 -1.000000 
-0.385443 0.012679 2.000000 -1.000000 
-0.374771 0.010672 2.000000 -1.000000 
-0.366178 0.008593 2.000000 -1.000000 
-0.359722 0.006455 2.000000 -1.000000 
-0.355447 0.004275 2.000000 -1.000000 
-0.353380 0.002067 2.000000 -1.000000 
-0.353535 -0.000155 2.000000 -1.000000 
-0.355911 -0.002376 2.000000 -1.000000 
-0.360492 -0.004581 2.000000 -1.000000 
-0.367248 -0.006756 2.000000 -1.000000 
-0.376134 -0.008886 2.000000 -1.000000 
-0.387091 -0.010956 2.000000 -1.000000 
-0.400043 -0.012952 2.000000 -1.000000 
-0.414900 -0.014858 2.000000 -1.000000 
-0.431558 -0.016658 2.000000 -1.000000 
-0.449898 -0.018340 2.000000 -1.000000 
-0.469787 -0.019888 2.000000 -1.000000 
-0.491077 -0.021290 2.000000 -1.000000 
-0.513610 -0.022534 2.000000 -1.000000 
-0.537219 -0.023608 2.000000 -1.000000 
-0.561725 -0.024506 2.000000 -1.000000 
-0.586946 -0.025221 2.000000 -1.000000 
-0.612695 -0.025749 2.000000 -1.000000 
-0.638783 -0.026088 2.000000 -1.000000 
-0.665025 -0.026242 2.000000 -1.000000 
-0.691238 -0.026213 2.000000 -1.000000 
-0.717245 -0.026008 2.000000 -1.000000 
-0.742881 -0.025636 2.000000 -1.000000 
-0.767988 -0.025107 2.000000 -1.000000 
-0.792422 -0.024434 2.000000 -1.000000 
-0.816051 -0.023629 2.000000 -1.000000 
-0.838758 -0.022707 2.000000 -1.000000 
-0.860437 -0.021680 2.000000 -1.000000 
-0.880999 -0.020562 2.000000 -1.000000 
-0.900366 -0.019366 0.000000 -1.000000 
-0.918471 -0.018105 0.000000 -1.000000 
-0.935260 -0.016789 0.000000 -1.000000 
-0.950689 -0.015429 0.000000 -1.000000 
-0.964721 -0.014033 0.000000 -1.000000 
-0.977330 -0.012609 0.000000 -1.000000 
-0.988494 -0.011164 2.000000 -1.000000 
-0.996196 -0.007702 2.000000 -1.000000 
-1.000428 -0.004232 2.000000 -1.000000 
-1.001184 -0.000756 2.000000 -1.000000 
-0.998464 0.002720 2.000000 -1.000000 
-0.992271 0.006193 2.000000 -1.000000 
-0.982611 0.009660 2.000000 -1.000000 
-0.969498 0.013113 2.000000 -1.000000 
-0.952953 0.016545 2.000000 -1.000000 
-0.933007 0.019946 2.000000 -1.000000 
-0.909706 0.023301 2.000000 -1.000000 
-0.883115 0.026591 2.000000 -1.000000 
-0.853321 0.029794 2.000000 -1.000000 
-0.820438 0.032883 2.000000 -1.000000 
-0.784612 0.035827 2.000000 -1.000000 
-0.746021 0.038590 2.000000 -1.000000 
-0.704884 0.041137 2.000000 -1.000000 
-0.661453 0.043431 2.000000 -1.000000 
-0.616018 0.045436 2.000000 -1.000000 
-0.568898 0.047120 2.000000 -1.000000 
-0.520439 0.048459 2.000000 -1.000000 
-0.471004 0.049435 2.000000 -1.000000 
-0.420962 0.050042 2.000000 -1.000000 
-0.370678 0.050284 2.000000 -1.000000 
-0.320501 0.050177 2.000000 -1.000000 
-0.270754 0.049747 2.000000 -1.000000 
-0.221727 0.049027 2.000000 -1.000000 
-0.173667 0.048060 2.000000 -1.000000 
-0.126776 0.046892 2.000000 -1.000000 
-0.081205 0.045570 2.000000 -1.000000 
-0.037061 0.044144 2.000000 -1.000000 
0.005598 0.042659 2.000000 -1.000000 
0.046758 0.041160 2.000000 -1.000000 
0.086442 0.039684 2.000000 -1.000000 
0.124710 0.038268 2.000000 -1.000000 
0.161651 0.036941 2.000000 -1.000000 
0.197380 0.035729 2.000000 -1.000000 
0.232035 0.034655 2.000000 -1.000000 
0.265772 0.033736 2.000000 -1.000000 
0.298762 0.032990 2.000000 -1.000000 
0.331190 0.032429 2.000000 -1.000000 
0.363255 0.032064 2.000000 -1.000000 
0.395162 0.031908 2.000000 -1.000000 
0.427130 0.031968 2.000000 -1.000000 
0.459385 0.032255 2.000000 -1.000000 
0.492161 0.032776 2.000000 -1.000000 
-0.548994 0.000000 0.000000 -1.000000 
-0.547804 0.001190 0.000000 -1.000000 
-0.545432 0.002372 0.000000 -1.000000 
-0.541897 0.003535 0.000000 -1.000000 
-0.537224 0.004672 0.000000 -1.000000 
-0.531450 0.005775 0.000000 -1.000000 
-0.524616 0.006833 0.000000 -1.000000 
-0.516775 0.007841 0.000000 -1.000000 
-0.507985 0.008790 0.000000 -1.000000 
-0.498312 0.009673 0.000000 -1.000000 
-0.487829 0.010483 0.000000 -1.000000 
-0.476613 0.011216 0.000000 -1.000000 
-0.464749 0.011864 0.000000 -1.000000 
-0.452323 0.012425 0.000000 -1.000000 
-0.439428 0.012895 0.000000 -1.000000 
-0.426158 0.013270 0.000000 -1.000000 
-0.412608 0.013550 0.000000 -1.000000 
-0.398876 0.013733 0.000000 -1.000000 
-0.385057 0.013819 2.000000 -1.000000 
-0.373247 0.011810 2.000000 -1.000000 
-0.363528 0.009720 2.000000 -1.000000 
-0.355963 0.007565 2.000000 -1.000000 
-0.350603 0.005360 2.000000 -1.000000 
-0.347483 0.003120 2.000000 -1.000000 
-0.346623 0.000860 2.000000 -1.000000 
-0.348030 -0.001406 2.000000 -1.000000 
-0.351693 -0.003663 2.000000 -1.000000 
-0.357588 -0.005896 2.000000 -1.000000 
-0.365678 -0.008090 2.000000 -1.000000 
-0.375909 -0.010231 2.000000 -1.000000 
-0.388212 -0.012302 2.000000 -1.000000 
-0.402502 -0.014290 2.000000 -1.000000 
-0.418680 -0.016179 2.000000 -1.000000 
-0.436633 -0.017953 2.000000 -1.000000 
-0.456230 -0.019597 2.000000 -1.000000 
-0.477330 -0.021099 2.000000 -1.000000 
-0.499775 -0.022445 2.000000 -1.000000 
-0.523398 -0.023624 2.000000 -1.000000 
-0.548023 -0.024625 2.000000 -1.000000 
-0.573466 -0.025442 2.000000 -1.000000 
-0.599535 -0.026070 2.000000 -1.000000 
-0.626040 -0.026505 2.000000 -1.000000 
-0.652789 -0.026749 2.000000 -1.000000 
-0.679593 -0.026804 2.000000 -1.000000 
-0.706269 -0.026676 2.000000 -1.000000 
-0.732642 -0.026374 2.000000 -1.000000 
-0.758549 -0.025907 2.000000 -1.000000 
-0.783836 -0.025287 2.000000 -1.000000 
-0.808363 -0.024527 2.000000 -1.000000 
-0.832005 -0.023642 2.000000 -1.000000 
-0.854650 -0.022645 2.000000 -1.000000 
-0.876201 -0.021551 2.000000 -1.000000 
-0.896573 -0.020373 0.000000 -1.000000 
-0.915697 -0.019123 0.000000 -1.000000 
-0.933512 -0.017816 0.000000 -1.000000 
-0.949972 -0.016460 0.000000 -1.000000 
-0.965037 -0.015065 0.000000 -1.000000 
-0.978678 -0.013641 0.000000 -1.000000 
-0.990871 -0.012193 0.000000 -1.000000 
-1.001600 -0.010729 0.000000 -1.000000 
-1.010852 -0.009252 0.000000 -1.000000 
-1.018619 -0.007767 2.000000 -1.000000 
-1.022896 -0.004276 2.000000 -1.000000 
-1.023678 -0.000783 2.000000 -1.000000 
-1.020968 0.002711 2.000000 -1.000000 
-1.014764 0.006203 2.000000 -1.000000 
-1.005073 0.009691 2.000000 -1.000000 
-0.991902 0.013171 2.000000 -1.000000 
-0.975265 0.016637 2.000000 -1.000000 
-0.955186 0.020079 2.000000 -1.000000 
-0.931701 0.023484 2.000000 -1.000000 
-0.904866 0.026836 2.000000 -1.000000 
-0.874754 0.030111 2.000000 -1.000000 
-0.841470 0.033284 2.000000 -1.000000 
-0.805147 0.036323 2.000000 -1.000000 
-0.765955 0.039192 2.000000 -1.000000 
-0.724101 0.041854 2.000000 -1.000000 
-0.679832 0.044269 2.000000 -1.000000 
-0.633434 0.046398 2.000000 -1.000000 
-0.585227 0.048207 2.000000 -1.000000 
-0.535560 0.049667 2.000000 -1.000000 
-0.484804 0.050756 2.000000 -1.000000 
-0.433338 0.051466 2.000000 -1.000000 
-0.381541 0.051797 2.000000 -1.000000 
-0.329777 0.051764 2.000000 -1.000000 
-0.278386 0.051391 2.000000 -1.000000 
-0.227673 0.050713 2.000000 -1.000000 
-0.177899 0.049774 2.000000 -1.000000 
-0.129278 0.048622 2.000000 -1.000000 
-0.081971 0.047307 2.000000 -1.000000 
-0.036088 0.045882 2.000000 -1.000000 
0.008309 0.044397 2.000000 -1.000000 
0.051207 0.042898 2.000000 -1.000000 
0.092634 0.041427 2.000000 -1.000000 
0.132657 0.040023 2.000000 -1.000000 
0.171376 0.038719 2.000000 -1.000000 
0.208917 0.037542 2.000000 -1.000000 
0.245434 0.036517 2.000000 -1.000000 
0.281099 0.035664 2.000000 -1.000000 
0.316101 0.035002 2.000000 -1.000000 
0.350645 0.034544 2.000000 -1.000000 
0.384950 0.034305 2.000000 -1.000000 
0.419244 0.034294 2.000000 -1.000000 
0.453769 0.034525 2.000000 -1.000000 
0.488773 0.035005 2.000000 -1.000000 
-0.423107 0.000000 2.000000 -1.000000 
-0.424849 -0.001742 2.000000 -1.000000 
-0.428322 -0.003472 2.000000 -1.000000 
-0.433499 -0.005177 2.000000 -1.000000 
-0.440343 -0.006845 2.000000 -1.000000 
-0.448806 -0.008463 2.000000 -1.000000 
-0.458825 -0.010019 2.000000 -1.000000 
-0.470326 -0.011502 2.000000 -1.000000 
-0.483226 -0.012899 2.000000 -1.000000 
-0.497427 -0.014201 2.000000 -1.000000 
-0.512825 -0.015398 2.000000 -1.000000 
-0.529303 -0.016478 2.000000 -1.000000 
-0.546738 -0.017436 2.000000 -1.000000 
-0.565001 -0.018262 2.000000 -1.000000 
-0.583953 -0.018952 2.000000 -1.000000 
-0.603455 -0.019502 2.000000 -1.000000 
-0.623364 -0.019909 2.000000 -1.000000 
-0.643536 -0.020172 2.000000 -1.000000 
-0.663828 -0.020292 2.000000 -1.000000 
-0.684099 -0.020271 2.000000 -1.000000 
-0.704211 -0.020113 2.000000 -1.000000 
-0.724035 -0.019824 2.000000 -1.000000 
-0.743444 -0.019409 2.000000 -1.000000 
-0.762322 -0.018877 2.000000 -1.000000 
-0.780558 -0.018236 2.000000 -1.000000 
-0.798052 -0.017494 2.000000 -1.000000 
-0.814713 -0.016661 2.000000 -1.000000 
-0.830458 -0.015745 2.000000 -1.000000 
-0.845212 -0.014755 2.000000 -1.000000 
-0.858912 -0.013700 2.000000 -1.000000 
-0.871500 -0.012588 2.000000 -1.000000 
-0.882928 -0.011427 2.000000 -1.000000 
-0.893152 -0.010225 2.000000 -1.000000 
-0.902140 -0.008987 2.000000 -1.000000 
-0.909860 -0.007720 2.000000 -1.000000 
-0.916289 -0.006429 2.000000 -1.000000 
-0.921409 -0.005120 0.000000 -1.000000 
-0.923204 -0.001796 0.000000 -1.000000 
-0.921671 0.001533 0.000000 -1.000000 
-0.916813 0.004858 0.000000 -1.000000 
-0.908643 0.008169 0.000000 -1.000000 
-0.897187 0.011457 0.000000 -1.000000 
-0.882479 0.014708 0.000000 -1.000000 
-0.864570 0.017909 2.000000 -1.000000 
-0.843528 0.021043 2.000000 -1.000000 
-0.819437 0.024090 2.000000 -1.000000 
-0.792408 0.027029 2.000000 -1.000000 
-0.762575 0.029834 2.000000 -1.000000 
-0.730098 0.032476 2.000000 -1.000000 
-0.695170 0.034928 2.000000 -1.000000 
-0.658012 0.037159 2.000000 -1.000000 
-0.618872 0.039140 2.000000 -1.000000 
-0.578028 0.040844 2.000000 -1.000000 
-0.535777 0.042251 2.000000 -1.000000 
-0.492435 0.043342 2.000000 -1.000000 
-0.448326 0.044109 2.000000 -1.000000 
-0.403777 0.044549 2.000000 -1.000000 
-0.359107 0.044670 2.000000 -1.000000 
-0.314622 0.044485 2.000000 -1.000000 
-0.270603 0.044019 2.000000 -1.000000 
-0.227305 0.043298 2.000000 -1.000000 
-0.184948 0.042357 2.000000 -1.000000 
-0.143715 0.041232 2.000000 -1.000000 
-0.103754 0.039961 2.000000 -1.000000 
-0.065173 0.038581 2.000000 -1.000000 
-0.028044 0.037129 2.000000 -1.000000 
0.007594 0.035638 2.000000 -1.000000 
0.041732 0.034138 2.000000 -1.000000 
0.074390 0.032658 2.000000 -1.000000 
0.105610 0.031220 2.000000 -1.000000 
0.135455 0.029844 2.000000 -1.000000 
0.164003 0.028548 2.000000 -1.000000 
0.191347 0.027345 2.000000 -1.000000 
0.217592 0.026245 2.000000 -1.000000 
0.242852 0.025259 2.000000 -1.000000 
0.267246 0.024394 2.000000 -1.000000 
0.290901 0.023655 2.000000 -1.000000 
0.313949 0.023048 2.000000 -1.000000 
0.336527 0.022578 2.000000 -1.000000 
0.358774 0.022247 2.000000 -1.000000 
0.380835 0.022061 2.000000 -1.000000 
0.402857 0.022022 2.000000 -1.000000 
0.424993 0.022136 2.000000 -1.000000 
0.447401 0.022408 2.000000 -1.000000 
0.470242 0.022841 2.000000 -1.000000 
0.493685 0.023443 2.000000 -1.000000 
-0.522247 0.000000 0.000000 -1.000000 
-0.521257 0.000990 0.000000 -1.000000 
-0.519285 0.001972 0.000000 -1.000000 
-0.516345 0.002940 0.000000 -1.000000 
-0.512459 0.003886 0.000000 -1.000000 
-0.507657 0.004802 0.000000 -1.000000 
-0.501975 0.005683 0.000000 -1.000000 
-0.495454 0.006520 0.000000 -1.000000 
-0.488145 0.007310 0.000000 -1.000000 
-0.480101 0.008044 0.000000 -1.000000 
-0.471382 0.008719 0.000000 -1.000000 
-0.462053 0.009329 0.000000 -1.000000 
-0.452183 0.009870 0.000000 -1.000000 
-0.441845 0.010338 0.000000 -1.000000 
-0.431113 0.010731 0.000000 -1.000000 
-0.420067 0.011047 0.000000 -1.000000 
-0.408784 0.011282 0.000000 -1.000000 
-0.397346 0.011438 0.000000 -1.000000 
-0.385832 0.011514 2.000000 -1.000000 
-0.376322 0.009510 2.000000 -1.000000 
-0.368881 0.007441 2.000000 -1.000000 
-0.363560 0.005322 2.000000 -1.000000 
-0.360393 0.003167 2.000000 -1.000000 
-0.359402 0.000991 2.000000 -1.000000 
-0.360593 -0.001191 2.000000 -1.000000 
-0.363958 -0.003365 2.000000 -1.000000 
-0.369476 -0.005518 2.000000 -1.000000 
-0.377108 -0.007633 2.000000 -1.000000 
-0.386805 -0.009696 2.000000 -1.000000 
-0.398498 -0.011694 2.000000 -1.000000 
-0.412108 -0.013610 2.000000 -1.000000 
-0.427539 -0.015431 2.000000 -1.000000 
-0.444681 -0.017141 2.000000 -1.000000 
-0.463408 -0.018728 2.000000 -1.000000 
-0.483585 -0.020177 2.000000 -1.000000 
-0.505061 -0.021476 2.000000 -1.000000 
-0.527676 -0.022615 2.000000 -1.000000 
-0.551260 -0.023584 2.000000 -1.000000 
-0.575638 -0.024377 2.000000 -1.000000 
-0.600626 -0.024988 2.000000 -1.000000 
-0.626042 -0.025416 2.000000 -1.000000 
-0.651702 -0.025660 2.000000 -1.000000 
-0.677424 -0.025722 2.000000 -1.000000 
-0.703033 -0.025609 2.000000 -1.000000 
-0.728361 -0.025327 2.000000 -1.000000 
-0.753247 -0.024887 2.000000 -1.000000 
-0.777544 -0.024297 2.000000 -1.000000 
-0.801116 -0.023572 2.000000 -1.000000 
-0.823838 -0.022722 2.000000 -1.000000 
-0.845601 -0.021763 2.000000 -1.000000 
-0.866308 -0.020706 2.000000 -1.000000 
-0.885873 -0.019566 2.000000 -1.000000 
-0.904226 -0.018353 0.000000 -1.000000 
-0.921305 -0.017079 0.000000 -1.000000 
-0.937061 -0.015755 0.000000 -1.000000 
-0.951451 -0.014391 0.000000 -1.000000 
-0.964445 -0.012993 0.000000 -1.000000 
-0.976014 -0.011570 0.000000 -1.000000 
-0.986141 -0.010126 2.000000 -1.000000 
-0.992809 -0.006668 2.000000 -1.000000 
-0.996011 -0.003202 2.000000 -1.000000 
-0.995741 0.000269 2.000000 -1.000000 
-0.992002 0.003739 2.000000 -1.000000 
-0.984797 0.007205 2.000000 -1.000000 
-0.974136 0.010661 2.000000 -1.000000 
-0.960034 0.014102 2.000000 -1.000000 
-0.942517 0.017517 2.000000 -1.000000 
-0.921623 0.020894 2.000000 -1.000000 
-0.897404 0.024219 2.000000 -1.000000 
-0.869933 0.027471 2.000000 -1.000000 
-0.839307 0.030626 2.000000 -1.000000 
-0.805652 0.033655 2.000000 -1.000000 
-0.769125 0.036527 2.000000 -1.000000 
-0.729919 0.039206 2.000000 -1.000000 
-0.688262 0.041657 2.000000 -1.000000 
-0.644420 0.043842 2.000000 -1.000000 
-0.598692 0.045729 2.000000 -1.000000 
-0.551405 0.047287 2.000000 -1.000000 
-0.502910 0.048495 2.000000 -1.000000 
-0.453570 0.049340 2.000000 -1.000000 
-0.403751 0.049819 2.000000 -1.000000 
-0.353812 0.049939 2.000000 -1.000000 
-0.304091 0.049720 2.000000 -1.000000 
-0.254901 0.049190 2.000000 -1.000000 
-0.206515 0.048386 2.000000 -1.000000 
-0.159164 0.047351 2.000000 -1.000000 
-0.113033 0.046131 2.000000 -1.000000 
-0.068260 0.044773 2.000000 -1.000000 
-0.024935 0.043325 2.000000 -1.000000 
0.016897 0.041832 2.000000 -1.000000 
0.057232 0.040335 2.000000 -1.000000 
0.096105 0.038872 2.000000 -1.000000 
0.133580 0.037475 2.000000 -1.000000 
0.169753 0.036173 2.000000 -1.000000 
0.204744 0.034991 2.000000 -1.000000 
0.238692 0.033948 2.000000 -1.000000 
0.271753 0.033062 2.000000 -1.000000 
0.304101 0.032347 2.000000 -1.000000 
0.335918 0.031818 2.000000 -1.000000 
0.367401 0.031483 2.000000 -1.000000 
0.398756 0.031354 2.000000 -1.000000 
0.430195 0.031440 2.000000 -1.000000 
0.461943 0.031748 2.000000 -1.000000 
0.494232 0.032288 2.000000 -1.000000 
-0.540815 0.000000 0.000000 -1.000000 
-0.539686 0.001129 0.000000 -1.000000 
-0.537436 0.002250 0.000000 -1.000000 
-0.534083 0.003353 0.000000 -1.000000 
-0.529651 0.004432 0.000000 -1.000000 
-0.524173 0.005477 0.000000 -1.000000 
-0.517692 0.006482 0.000000 -1.000000 
-0.510254 0.007437 0.000000 -1.000000 
-0.501917 0.008337 0.000000 -1.000000 
-0.492742 0.009175 0.000000 -1.000000 
-0.482798 0.009944 0.000000 -1.000000 
-0.472160 0.010639 0.000000 -1.000000 
-0.460905 0.011254 0.000000 -1.000000 
-0.449119 0.011787 0.000000 -1.000000 
-0.436886 0.012233 0.000000 -1.000000 
-0.424296 0.012590 0.000000 -1.000000 
-0.411440 0.012856 0.000000 -1.000000 
-0.398409 0.013031 0.000000 -1.000000 
-0.385295 0.013114 2.000000 -1.000000 
-0.374190 0.011106 2.000000 -1.000000 
-0.365167 0.009022 2.000000 -1.000000 
-0.358289 0.006878 2.000000 -1.000000 
-0.353600 0.004689 2.000000 -1.000000 
-0.351132 0.002468 2.000000 -1.000000 
-0.350900 0.000232 2.000000 -1.000000 
-0.352906 -0.002006 2.000000 -1.000000 
-0.357137 -0.004231 2.000000 -1.000000 
-0.363566 -0.006428 2.000000 -1.000000 
-0.372149 -0.008583 2.000000 -1.000000 
-0.382829 -0.010680 2.000000 -1.000000 
-0.395534 -0.012705 2.000000 -1.000000 
-0.410176 -0.014642 2.000000 -1.000000 
-0.426652 -0.016476 2.000000 -1.000000 
-0.444846 -0.018193 2.000000 -1.000000 
-0.464624 -0.019778 2.000000 -1.000000 
-0.485843 -0.021218 2.000000 -1.000000 
-0.508343 -0.022501 2.000000 -1.000000 
-0.531959 -0.023615 2.000000 -1.000000 
-0.556512 -0.024553 2.000000 -1.000000 
-0.581818 -0.025306 2.000000 -1.000000 
-0.607690 -0.025872 2.000000 -1.000000 
-0.633937 -0.026248 2.000000 -1.000000 
-0.660373 -0.026435 2.000000 -1.000000 
-0.686811 -0.026438 2.000000 -1.000000 
-0.713073 -0.026262 2.000000 -1.000000 
-0.738989 -0.025916 2.000000 -1.000000 
-0.764401 -0.025411 2.000000 -1.000000 
-0.789159 -0.024758 2.000000 -1.000000 
-0.813129 -0.023971 2.000000 -1.000000 
-0.836191 -0.023062 2.000000 -1.000000 
-0.858238 -0.022046 2.000000 -1.000000 
-0.879175 -0.020937 2.000000 -1.000000 
-0.898924 -0.019748 0.000000 -1.000000 
-0.917415 -0.018492 0.000000 -1.000000 
-0.934594 -0.017179 0.000000 -1.000000 
-0.950414 -0.015820 0.000000 -1.000000 
-0.964839 -0.014425 0.000000 -1.000000 
-0.977840 -0.013001 0.000000 -1.000000 
-0.989394 -0.011555 0.000000 -1.000000 
-0.999486 -0.010092 2.000000 -1.000000 
-1.006104 -0.006618 2.000000 -1.000000 
-1.009240 -0.003137 2.000000 -1.000000 
-1.008893 0.000347 2.000000 -1.000000 
-1.005063 0.003831 2.000000 -1.000000 
-0.997752 0.007311 2.000000 -1.000000 
-0.986968 0.010783 2.000000 -1.000000 
-0.972726 0.014243 2.000000 -1.000000 
-0.955045 0.017680 2.000000 -1.000000 
-0.933960 0.021086 2.000000 -1.000000 
-0.909517 0.024443 2.000000 -1.000000 
-0.881785 0.027732 2.000000 -1.000000 
-0.850854 0.030931 2.000000 -1.000000 
-0.816844 0.034010 2.000000 -1.000000 
-0.779908 0.036936 2.000000 -1.000000 
-0.740234 0.039674 2.000000 -1.000000 
-0.698047 0.042187 2.000000 -1.000000 
-0.653610 0.044437 2.000000 -1.000000 
-0.607223 0.046387 2.000000 -1.000000 
-0.559215 0.048008 2.000000 -1.000000 
-0.509940 0.049274 2.000000 -1.000000 
-0.459768 0.050172 2.000000 -1.000000 
-0.409072 0.050696 2.000000 -1.000000 
-0.358218 0.050854 2.000000 -1.000000 
-0.307554 0.050664 2.000000 -1.000000 
-0.257399 0.050155 2.000000 -1.000000 
-0.208036 0.049364 2.000000 -1.000000 
-0.159701 0.048335 2.000000 -1.000000 
-0.112584 0.047117 2.000000 -1.000000 
-0.066826 0.045758 2.000000 -1.000000 
-0.022518 0.044308 2.000000 -1.000000 
0.020295 0.042814 2.000000 -1.000000 
0.061613 0.041318 2.000000 -1.000000 
0.101474 0.039861 2.000000 -1.000000 
0.139950 0.038476 2.000000 -1.000000 
0.177143 0.037193 2.000000 -1.000000 
0.213180 0.036038 2.000000 -1.000000 
0.248212 0.035032 2.000000 -1.000000 
0.282405 0.034193 2.000000 -1.000000 
0.315944 0.033538 2.000000 -1.000000 
0.349023 0.033080 2.000000 -1.000000 
0.381853 0.032829 2.000000 -1.000000 
0.414651 0.032798 2.000000 -1.000000 
0.447646 0.032995 2.000000 -1.000000 
0.481077 0.033431 2.000000 -1.000000 