-0.408196 0.000000 0.000000 -1.000000 
-0.410044 -0.001848 0.000000 -1.000000 
-0.413728 -0.003684 0.000000 -1.000000 
-0.419221 -0.005493 0.000000 -1.000000 
-0.426484 -0.007263 0.000000 -1.000000 
-0.435465 -0.008981 0.000000 -1.000000 
-0.446099 -0.010634 0.000000 -1.000000 
-0.458309 -0.012210 0.000000 -1.000000 
-0.472006 -0.013697 0.000000 -1.000000 
-0.487089 -0.015082 0.000000 -1.000000 
-0.503444 -0.016356 0.000000 -1.000000 
-0.520951 -0.017507 0.000000 -1.000000 
-0.539477 -0.018527 0.000000 -1.000000 
-0.558885 -0.019407 0.000000 -1.000000 
-0.579028 -0.020143 0.000000 -1.000000 
-0.599758 -0.020730 0.000000 -1.000000 
-0.620921 -0.021163 0.000000 -1.000000 
-0.642365 -0.021444 0.000000 -1.000000 
-0.663936 -0.021572 0.000000 -1.000000 
-0.685486 -0.021550 0.000000 -1.000000 
-0.706869 -0.021383 0.000000 -1.000000 
-0.727946 -0.021077 0.000000 -1.000000 
-0.748584 -0.020638 0.000000 -1.000000 
-0.768660 -0.020076 0.000000 -1.000000 
-0.788060 -0.019399 0.000000 -1.000000 
-0.806677 -0.018617 0.000000 -1.000000 
-0.824418 -0.017741 0.000000 -1.000000 
-0.841196 -0.016778 0.000000 -1.000000 
-0.856937 -0.015741 0.000000 -1.000000 
-0.871574 -0.014637 0.000000 -1.000000 
-0.885050 -0.013476 0.000000 -1.000000 
-0.897316 -0.012266 0.000000 -1.000000 
-0.908331 -0.011015 0.000000 -1.000000 
-0.918059 -0.009728 0.000000 -1.000000 
-0.926473 -0.008414 0.000000 -1.000000 
-0.933549 -0.007076 0.000000 -1.000000 
-0.939269 -0.005720 0.000000 -1.000000 
-0.943619 -0.004350 2.000000 -1.000000 
-0.944588 -0.000969 2.000000 -1.000000 
-0.942175 0.002413 2.000000 -1.000000 
-0.936385 0.005790 2.000000 -1.000000 
-0.927232 0.009153 2.000000 -1.000000 
-0.914739 0.012493 2.000000 -1.000000 
-0.898941 0.015798 2.000000 -1.000000 
-0.879886 0.019055 2.000000 -1.000000 
-0.857639 0.022247 2.000000 -1.000000 
-0.832286 0.025353 2.000000 -1.000000 
-0.803935 0.028351 2.000000 -1.000000 
-0.772721 0.031215 2.000000 -1.000000 
-0.738807 0.033914 2.000000 -1.000000 
-0.702389 0.036418 2.000000 -1.000000 
-0.663693 0.038696 2.000000 -1.000000 
-0.622978 0.040716 2.000000 -1.000000 
-0.580528 0.042450 2.000000 -1.000000 
-0.536653 0.043875 2.000000 -1.000000 
-0.491680 0.044973 2.000000 -1.000000 
-0.445946 0.045734 2.000000 -1.000000 
-0.399790 0.046157 2.000000 -1.000000 
-0.353541 0.046249 2.000000 -1.000000 
-0.307512 0.046028 2.000000 -1.000000 
-0.261993 0.045519 2.000000 -1.000000 
-0.217241 0.044752 2.000000 -1.000000 
-0.173477 0.043765 2.000000 -1.000000 
-0.130881 0.042596 2.000000 -1.000000 
-0.089595 0.041286 2.000000 -1.000000 
-0.049720 0.039876 2.000000 -1.000000 
-0.011316 0.038403 2.000000 -1.000000 
0.025588 0.036905 2.000000 -1.000000 
0.061000 0.035412 2.000000 -1.000000 
0.094954 0.033954 2.000000 -1.000000 
0.127509 0.032555 2.000000 -1.000000 
0.158744 0.031235 2.000000 -1.000000 
0.188758 0.030013 2.000000 -1.000000 
0.217661 0.028904 2.000000 -1.000000 
0.245579 0.027918 2.000000 -1.000000 
0.272646 0.027066 2.000000 -1.000000 
0.299003 0.026357 2.000000 -1.000000 
0.324800 0.025797 2.000000 -1.000000 
0.350193 0.025393 2.000000 -1.000000 
0.375343 0.025150 2.000000 -1.000000 
0.400418 0.025075 2.000000 -1.000000 
0.425590 0.025172 2.000000 -1.000000 
0.451037 0.025447 2.000000 -1.000000 
0.476944 0.025907 2.000000 -1.000000 
-0.534976 0.000000 2.000000 -1.000000 
-0.533891 0.001085 2.000000 -1.000000 
-0.531728 0.002162 2.000000 -1.000000 
-0.528505 0.003223 2.000000 -1.000000 
-0.524244 0.004260 2.000000 -1.000000 
-0.518979 0.005265 2.000000 -1.000000 
-0.512749 0.006230 2.000000 -1.000000 
-0.505600 0.007149 2.000000 -1.000000 
-0.497586 0.008014 2.000000 -1.000000 
-0.488766 0.008819 2.000000 -1.000000 
-0.479208 0.009558 2.000000 -1.000000 
-0.468981 0.010227 2.000000 -1.000000 
-0.458163 0.010819 2.000000 -1.000000 
-0.446832 0.011331 2.000000 -1.000000 
-0.435071 0.011760 2.000000 -1.000000 
-0.422967 0.012104 2.000000 -1.000000 
-0.410606 0.012361 2.000000 -1.000000 
-0.398076 0.012530 2.000000 -1.000000 
-0.385466 0.012610 0.000000 -1.000000 
-0.374862 0.010604 0.000000 -1.000000 
-0.366337 0.008525 0.000000 -1.000000 
-0.359949 0.006389 0.000000 -1.000000 
-0.355739 0.004210 0.000000 -1.000000 
-0.353735 0.002004 0.000000 -1.000000 
-0.353951 -0.000216 0.000000 -1.000000 
-0.356385 -0.002434 0.000000 -1.000000 
-0.361022 -0.004636 0.000000 -1.000000 
-0.367830 -0.006808 0.000000 -1.000000 
-0.376764 -0.008934 0.000000 -1.000000 
-0.387764 -0.011000 0.000000 -1.000000 
-0.400754 -0.012991 0.000000 -1.000000 
-0.415646 -0.014891 0.000000 -1.000000 
-0.432333 -0.016687 0.000000 -1.000000 
-0.450696 -0.018363 0.000000 -1.000000 
-0.470601 -0.019905 0.000000 -1.000000 
-0.491903 -0.021301 0.000000 -1.000000 
-0.514441 -0.022539 0.000000 -1.000000 
-0.538048 -0.023607 0.000000 -1.000000 
-0.562547 -0.024499 0.000000 -1.000000 
-0.587755 -0.025207 0.000000 -1.000000 
-0.613484 -0.025729 0.000000 -1.000000 
-0.639547 -0.026063 0.000000 -1.000000 
-0.665759 -0.026211 0.000000 -1.000000 
-0.691935 -0.026177 0.000000 -1.000000 
-0.717903 -0.025967 0.000000 -1.000000 
-0.743494 -0.025591 0.000000 -1.000000 
-0.768553 -0.025059 0.000000 -1.000000 
-0.792936 -0.024383 0.000000 -1.000000 
-0.816512 -0.023576 0.000000 -1.000000 
-0.839162 -0.022651 0.000000 -1.000000 
-0.860784 -0.021622 0.000000 -1.000000 
-0.881287 -0.020503 0.000000 -1.000000 
-0.900593 -0.019306 0.000000 -1.000000 
-0.918637 -0.018044 0.000000 -1.000000 
-0.935365 -0.016728 0.000000 -1.000000 
-0.950732 -0.015367 0.000000 -1.000000 
-0.964703 -0.013971 0.000000 -1.000000 
-0.977251 -0.012547 0.000000 -1.000000 
-0.988353 -0.011102 0.000000 -1.000000 
-0.997994 -0.009641 1.000000 -1.000000 
-1.005162 -0.007168 2.000000 -1.000000 
-1.008850 -0.003688 2.000000 -1.000000 
-1.009055 -0.000205 2.000000 -1.000000 
-1.005775 0.003279 2.000000 -1.000000 
-0.999016 0.006760 2.000000 -1.000000 
-0.988782 0.010234 2.000000 -1.000000 
-0.975086 0.013695 2.000000 -1.000000 
-0.957949 0.017137 2.000000 -1.000000 
-0.937401 0.020548 2.000000 -1.000000 
-0.913487 0.023914 2.000000 -1.000000 
-0.886272 0.027215 2.000000 -1.000000 
-0.855842 0.030430 2.000000 -1.000000 
-0.822314 0.033529 2.000000 -1.000000 
-0.785832 0.036481 2.000000 -1.000000 
-0.746581 0.039251 2.000000 -1.000000 
-0.704780 0.041802 2.000000 -1.000000 
-0.660685 0.044095 2.000000 -1.000000 
-0.614591 0.046094 2.000000 -1.000000 
-0.566823 0.047768 2.000000 -1.000000 
-0.517732 0.049091 2.000000 -1.000000 
-0.467685 0.050047 2.000000 -1.000000 
-0.417055 0.050630 2.000000 -1.000000 
-0.366211 0.050844 2.000000 -1.000000 
-0.315504 0.050707 2.000000 -1.000000 
-0.265258 0.050246 2.000000 -1.000000 
-0.215761 0.049497 2.000000 -1.000000 
-0.167259 0.048502 2.000000 -1.000000 
-0.119948 0.047310 2.000000 -1.000000 
-0.073978 0.045971 2.000000 -1.000000 
-0.029446 0.044532 2.000000 -1.000000 
0.013596 0.043042 2.000000 -1.000000 
0.055140 0.041544 2.000000 -1.000000 
0.095217 0.040078 2.000000 -1.000000 
0.133897 0.038679 2.000000 -1.000000 
0.171275 0.037378 2.000000 -1.000000 
0.207476 0.036201 2.000000 -1.000000 
0.242646 0.035170 2.000000 -1.000000 
0.276949 0.034303 2.000000 -1.000000 
0.310567 0.033618 2.000000 -1.000000 
0.343694 0.033127 2.000000 -1.000000 
0.376535 0.032842 2.000000 -1.000000 
0.409310 0.032774 2.000000 -1.000000 
0.442244 0.032934 2.000000 -1.000000 
0.475574 0.033330 2.000000 -1.000000 
-0.525624 0.000000 0.000000 -1.000000 
-0.524609 0.001015 0.000000 -1.000000 
-0.522586 0.002023 0.000000 -1.000000 
-0.519571 0.003015 0.000000 -1.000000 
-0.515586 0.003985 0.000000 -1.000000 
-0.510661 0.004925 0.000000 -1.000000 
-0.504833 0.005828 0.000000 -1.000000 
-0.498146 0.006687 0.000000 -1.000000 
-0.490650 0.007496 0.000000 -1.000000 
-0.482400 0.008250 0.000000 -1.000000 
-0.473458 0.008942 0.000000 -1.000000 
-0.463891 0.009567 0.000000 -1.000000 
-0.453770 0.010122 0.000000 -1.000000 
-0.443168 0.010602 0.000000 -1.000000 
-0.432164 0.011004 0.000000 -1.000000 
-0.420837 0.011327 0.000000 -1.000000 
-0.409268 0.011568 0.000000 -1.000000 
-0.397541 0.011728 0.000000 -1.000000 
-0.385736 0.011805 2.000000 -1.000000 
-0.375936 0.009800 2.000000 -1.000000 
-0.368208 0.007728 2.000000 -1.000000 
-0.362603 0.005605 2.000000 -1.000000 
-0.359160 0.003444 2.000000 -1.000000 
-0.357900 0.001260 2.000000 -1.000000 
-0.358833 -0.000933 2.000000 -1.000000 
-0.361951 -0.003119 2.000000 -1.000000 
-0.367235 -0.005284 2.000000 -1.000000 
-0.374649 -0.007414 2.000000 -1.000000 
-0.384144 -0.009494 2.000000 -1.000000 
-0.395654 -0.011510 2.000000 -1.000000 
-0.409100 -0.013446 2.000000 -1.000000 
-0.424388 -0.015288 2.000000 -1.000000 
-0.441410 -0.017021 2.000000 -1.000000 
-0.460041 -0.018632 2.000000 -1.000000 
-0.480147 -0.020105 2.000000 -1.000000 
-0.501577 -0.021430 2.000000 -1.000000 
-0.524172 -0.022595 2.000000 -1.000000 
-0.547763 -0.023591 2.000000 -1.000000 
-0.572173 -0.024410 2.000000 -1.000000 
-0.597220 -0.025047 2.000000 -1.000000 
-0.622720 -0.025499 2.000000 -1.000000 
-0.648487 -0.025767 2.000000 -1.000000 
-0.674339 -0.025852 2.000000 -1.000000 
-0.700098 -0.025760 2.000000 -1.000000 
-0.725595 -0.025497 2.000000 -1.000000 
-0.750668 -0.025073 2.000000 -1.000000 
-0.775166 -0.024498 2.000000 -1.000000 
-0.798952 -0.023786 2.000000 -1.000000 
-0.821900 -0.022948 2.000000 -1.000000 
-0.843897 -0.021997 2.000000 -1.000000 
-0.864845 -0.020948 2.000000 -1.000000 
-0.884658 -0.019813 2.000000 -1.000000 
-0.903262 -0.018604 2.000000 -1.000000 
-0.920596 -0.017334 2.000000 -1.000000 
-0.936608 -0.016012 2.000000 -1.000000 
-0.951256 -0.014648 2.000000 -1.000000 
-0.964507 -0.013251 2.000000 -1.000000 
-0.976334 -0.011828 2.000000 -1.000000 
-0.986718 -0.010384 2.000000 -1.000000 
-0.995643 -0.008925 2.000000 -1.000000 
-1.003098 -0.007455 0.000000 -1.000000 
-1.007075 -0.003977 0.000000 -1.000000 
-1.007569 -0.000495 0.000000 -1.000000 
-1.004582 0.002988 0.000000 -1.000000 
-0.998114 0.006467 0.000000 -1.000000 
-0.988174 0.009940 0.000000 -1.000000 
-0.974773 0.013401 0.000000 -1.000000 
-0.957931 0.016842 0.000000 -1.000000 
-0.937677 0.020253 0.000000 -1.000000 
-0.914058 0.023620 0.000000 -1.000000 
-0.887135 0.026923 0.000000 -1.000000 
-0.856995 0.030140 0.000000 -1.000000 
-0.823751 0.033244 0.000000 -1.000000 
-0.787548 0.036203 0.000000 -1.000000 
-0.748566 0.038982 0.000000 -1.000000 
-0.707022 0.041544 0.000000 -1.000000 
-0.663171 0.043851 0.000000 -1.000000 
-0.617303 0.045868 0.000000 -1.000000 
-0.569741 0.047561 0.000000 -1.000000 
-0.520835 0.048906 0.000000 -1.000000 
-0.470949 0.049886 0.000000 -1.000000 
-0.420457 0.050492 0.000000 -1.000000 
-0.369725 0.050731 0.000000 -1.000000 
-0.319108 0.050618 0.000000 -1.000000 
-0.268929 0.050178 0.000000 -1.000000 
-0.219480 0.049449 0.000000 -1.000000 
-0.171009 0.048471 0.000000 -1.000000 
-0.123716 0.047293 0.000000 -1.000000 
-0.077752 0.045964 0.000000 -1.000000 
-0.033221 0.044531 0.000000 -1.000000 
0.009823 0.043044 0.000000 -1.000000 
0.051368 0.041545 0.000000 -1.000000 
0.091442 0.040074 0.000000 -1.000000 
0.130110 0.038668 0.000000 -1.000000 
0.167466 0.037356 0.000000 -1.000000 
0.203630 0.036165 0.000000 -1.000000 
0.238747 0.035117 0.000000 -1.000000 
0.272979 0.034231 0.000000 -1.000000 
0.306503 0.033524 0.000000 -1.000000 
0.339511 0.033008 0.000000 -1.000000 
0.372207 0.032697 0.000000 -1.000000 
0.404807 0.032600 0.000000 -1.000000 
0.437535 0.032728 0.000000 -1.000000 
0.470624 0.033089 0.000000 -1.000000 
-0.536174 0.000000 0.000000 -1.000000 
-0.535080 0.001094 0.000000 -1.000000 
-0.532900 0.002180 0.000000 -1.000000 
-0.529649 0.003250 0.000000 -1.000000 
-0.525354 0.004296 0.000000 -1.000000 
-0.520045 0.005309 0.000000 -1.000000 
-0.513763 0.006282 0.000000 -1.000000 
-0.506555 0.007208 0.000000 -1.000000 
-0.498474 0.008080 0.000000 -1.000000 
-0.489582 0.008892 0.000000 -1.000000 
-0.479945 0.009638 0.000000 -1.000000 
-0.469634 0.010311 0.000000 -1.000000 
-0.458725 0.010908 0.000000 -1.000000 
-0.447301 0.011425 0.000000 -1.000000 
-0.435443 0.011857 0.000000 -1.000000 
-0.423240 0.012204 0.000000 -1.000000 
-0.410777 0.012463 0.000000 -1.000000 
-0.398145 0.012632 0.000000 -1.000000 
-0.385431 0.012714 2.000000 -1.000000 
-0.374724 0.010707 2.000000 -1.000000 
-0.366097 0.008627 2.000000 -1.000000 
-0.359608 0.006489 2.000000 -1.000000 
-0.355300 0.004308 2.000000 -1.000000 
-0.353201 0.002099 2.000000 -1.000000 
-0.353325 -0.000124 2.000000 -1.000000 
-0.355672 -0.002346 2.000000 -1.000000 
-0.360225 -0.004553 2.000000 -1.000000 
-0.366955 -0.006730 2.000000 -1.000000 
-0.375817 -0.008862 2.000000 -1.000000 
-0.386751 -0.010935 2.000000 -1.000000 
-0.399684 -0.012932 2.000000 -1.000000 
-0.414524 -0.014840 2.000000 -1.000000 
-0.431168 -0.016644 2.000000 -1.000000 
-0.449496 -0.018328 2.000000 -1.000000 
-0.469376 -0.019880 2.000000 -1.000000 
-0.490660 -0.021284 2.000000 -1.000000 
-0.513191 -0.022531 2.000000 -1.000000 
-0.536800 -0.023609 2.000000 -1.000000 
-0.561310 -0.024510 2.000000 -1.000000 
-0.586538 -0.025228 2.000000 -1.000000 
-0.612297 -0.025759 2.000000 -1.000000 
-0.638398 -0.026101 2.000000 -1.000000 
-0.664655 -0.026257 2.000000 -1.000000 
-0.690886 -0.026230 2.000000 -1.000000 
-0.716913 -0.026028 2.000000 -1.000000 
-0.742571 -0.025658 2.000000 -1.000000 
-0.767702 -0.025131 2.000000 -1.000000 
-0.792162 -0.024460 2.000000 -1.000000 
-0.815819 -0.023656 2.000000 -1.000000 
-0.838554 -0.022735 2.000000 -1.000000 
-0.860263 -0.021709 2.000000 -1.000000 
-0.880854 -0.020592 2.000000 -1.000000 
-0.900251 -0.019397 2.000000 -1.000000 
-0.918387 -0.018136 2.000000 -1.000000 
-0.935207 -0.016820 2.000000 -1.000000 
-0.950667 -0.015460 2.000000 -1.000000 
-0.964731 -0.014064 2.000000 -1.000000 
-0.977371 -0.012640 2.000000 -1.000000 
-0.988565 -0.011195 2.000000 -1.000000 
-0.998299 -0.009733 2.000000 -1.000000 
-1.006559 -0.008260 0.000000 -1.000000 
-1.011338 -0.004779 0.000000 -1.000000 
-1.012631 -0.001293 0.000000 -1.000000 
-1.010437 0.002193 0.000000 -1.000000 
-1.004759 0.005678 0.000000 -1.000000 
-0.995601 0.009158 0.000000 -1.000000 
-0.982973 0.012628 0.000000 -1.000000 
-0.966891 0.016082 0.000000 -1.000000 
-0.947382 0.019510 0.000000 -1.000000 
-0.924483 0.022898 0.000000 -1.000000 
-0.898252 0.026231 0.000000 -1.000000 
-0.868767 0.029485 0.000000 -1.000000 
-0.836131 0.032636 0.000000 -1.000000 
-0.800480 0.035651 0.000000 -1.000000 
-0.761983 0.038497 0.000000 -1.000000 
-0.720847 0.041136 0.000000 -1.000000 
-0.677316 0.043531 0.000000 -1.000000 
-0.631673 0.045643 0.000000 -1.000000 
-0.584233 0.047440 0.000000 -1.000000 
-0.535341 0.048892 0.000000 -1.000000 
-0.485361 0.049980 0.000000 -1.000000 
-0.434667 0.050694 0.000000 -1.000000 
-0.383632 0.051035 0.000000 -1.000000 
-0.332617 0.051016 0.000000 -1.000000 
-0.281956 0.050660 0.000000 -1.000000 
-0.231954 0.050003 0.000000 -1.000000 
-0.182870 0.049084 0.000000 -1.000000 
-0.134919 0.047951 0.000000 -1.000000 
-0.088266 0.046653 0.000000 -1.000000 
-0.043027 0.045240 0.000000 -1.000000 
0.000734 0.043761 0.000000 -1.000000 
0.042995 0.042261 0.000000 -1.000000 
0.083776 0.040781 0.000000 -1.000000 
0.123136 0.039360 0.000000 -1.000000 
0.161165 0.038029 0.000000 -1.000000 
0.197980 0.036815 0.000000 -1.000000 
0.233723 0.035743 0.000000 -1.000000 
0.268556 0.034833 0.000000 -1.000000 
0.302658 0.034102 0.000000 -1.000000 
0.336221 0.033563 0.000000 -1.000000 
0.369452 0.033231 0.000000 -1.000000 
0.402567 0.033115 0.000000 -1.000000 
0.435795 0.033227 0.000000 -1.000000 
0.469371 0.033577 0.000000 -1.000000 
-0.544416 0.000000 0.000000 -1.000000 
-0.543260 0.001156 0.000000 -1.000000 
-0.540957 0.002303 0.000000 -1.000000 
-0.537523 0.003434 0.000000 -1.000000 
-0.532985 0.004538 0.000000 -1.000000 
-0.527377 0.005608 0.000000 -1.000000 
-0.520740 0.006637 0.000000 -1.000000 
-0.513125 0.007615 0.000000 -1.000000 
-0.504588 0.008537 0.000000 -1.000000 
-0.495194 0.009394 0.000000 -1.000000 
-0.485013 0.010181 0.000000 -1.000000 
-0.474120 0.010893 0.000000 -1.000000 
-0.462597 0.011523 0.000000 -1.000000 
-0.450529 0.012068 0.000000 -1.000000 
-0.438005 0.012524 0.000000 -1.000000 
-0.425116 0.012889 0.000000 -1.000000 
-0.411954 0.013161 0.000000 -1.000000 
-0.398614 0.013340 0.000000 -1.000000 
-0.385190 0.013424 2.000000 -1.000000 
-0.373775 0.011416 2.000000 -1.000000 
-0.364445 0.009329 2.000000 -1.000000 
-0.357265 0.007181 2.000000 -1.000000 
-0.352280 0.004984 2.000000 -1.000000 
-0.349525 0.002755 2.000000 -1.000000 
-0.349017 0.000508 2.000000 -1.000000 
-0.350759 -0.001742 2.000000 -1.000000 
-0.354740 -0.003981 2.000000 -1.000000 
-0.360934 -0.006194 2.000000 -1.000000 
-0.369301 -0.008366 2.000000 -1.000000 
-0.379783 -0.010483 2.000000 -1.000000 
-0.392311 -0.012528 2.000000 -1.000000 
-0.406799 -0.014487 2.000000 -1.000000 
-0.423144 -0.016346 2.000000 -1.000000 
-0.441232 -0.018088 2.000000 -1.000000 
-0.460931 -0.019699 2.000000 -1.000000 
-0.482098 -0.021166 2.000000 -1.000000 
-0.504575 -0.022477 2.000000 -1.000000 
-0.528194 -0.023619 2.000000 -1.000000 
-0.552779 -0.024585 2.000000 -1.000000 
-0.578145 -0.025366 2.000000 -1.000000 
-0.604105 -0.025959 2.000000 -1.000000 
-0.630466 -0.026361 2.000000 -1.000000 
-0.657039 -0.026573 2.000000 -1.000000 
-0.683638 -0.026599 2.000000 -1.000000 
-0.710083 -0.026444 2.000000 -1.000000 
-0.736200 -0.026118 2.000000 -1.000000 
-0.761829 -0.025629 2.000000 -1.000000 
-0.786820 -0.024991 2.000000 -1.000000 
-0.811035 -0.024215 2.000000 -1.000000 
-0.834352 -0.023317 2.000000 -1.000000 
-0.856661 -0.022309 2.000000 -1.000000 
-0.877868 -0.021207 2.000000 -1.000000 
-0.897891 -0.020023 2.000000 -1.000000 
-0.916660 -0.018769 2.000000 -1.000000 
-0.934118 -0.017458 2.000000 -1.000000 
-0.950219 -0.016101 2.000000 -1.000000 
-0.964925 -0.014706 2.000000 -1.000000 
-0.978207 -0.013282 2.000000 -1.000000 
-0.990042 -0.011835 2.000000 -1.000000 
-1.000414 -0.010372 2.000000 -1.000000 
-1.009310 -0.008896 2.000000 -1.000000 
-1.016723 -0.007412 0.000000 -1.000000 
-1.020646 -0.003923 0.000000 -1.000000 
-1.021077 -0.000431 0.000000 -1.000000 
-1.018015 0.003061 0.000000 -1.000000 
-1.011463 0.006552 0.000000 -1.000000 
-1.001426 0.010038 0.000000 -1.000000 
-0.987912 0.013514 0.000000 -1.000000 
-0.970937 0.016975 0.000000 -1.000000 
-0.950528 0.020409 0.000000 -1.000000 
-0.926723 0.023805 0.000000 -1.000000 
-0.899579 0.027144 0.000000 -1.000000 
-0.869177 0.030402 0.000000 -1.000000 
-0.835622 0.033554 0.000000 -1.000000 
-0.799055 0.036567 0.000000 -1.000000 
-0.759649 0.039406 0.000000 -1.000000 
-0.717617 0.042032 0.000000 -1.000000 
-0.673211 0.044406 0.000000 -1.000000 
-0.626719 0.046491 0.000000 -1.000000 
-0.578467 0.048252 0.000000 -1.000000 
-0.528805 0.049662 0.000000 -1.000000 
-0.478104 0.050701 0.000000 -1.000000 
-0.426743 0.051361 0.000000 -1.000000 
-0.375098 0.051645 0.000000 -1.000000 
-0.323531 0.051567 0.000000 -1.000000 
-0.272376 0.051155 0.000000 -1.000000 
-0.221931 0.050445 0.000000 -1.000000 
-0.172453 0.049478 0.000000 -1.000000 
-0.124147 0.048306 0.000000 -1.000000 
-0.077170 0.046977 0.000000 -1.000000 
-0.031626 0.045544 0.000000 -1.000000 
0.012429 0.044055 0.000000 -1.000000 
0.054986 0.042557 0.000000 -1.000000 
0.096076 0.041091 0.000000 -1.000000 
0.135770 0.039694 0.000000 -1.000000 
0.174168 0.038398 0.000000 -1.000000 
0.211400 0.037232 0.000000 -1.000000 
0.247618 0.036218 0.000000 -1.000000 
0.282995 0.035377 0.000000 -1.000000 
0.317720 0.034725 0.000000 -1.000000 
0.351997 0.034277 0.000000 -1.000000 
0.386043 0.034046 0.000000 -1.000000 
0.420087 0.034044 0.000000 -1.000000 
0.454366 0.034280 0.000000 -1.000000 
0.489130 0.034764 0.000000 -1.000000 
-0.477249 0.000000 0.000000 -1.000000 
-0.476595 0.000653 0.000000 -1.000000 
-0.475293 0.001302 0.000000 -1.000000 
-0.473352 0.001941 0.000000 -1.000000 
-0.470786 0.002566 0.000000 -1.000000 
-0.467615 0.003171 0.000000 -1.000000 
-0.463862 0.003753 0.000000 -1.000000 
-0.459554 0.004308 0.000000 -1.000000 
-0.454724 0.004830 0.000000 -1.000000 
-0.449406 0.005317 0.000000 -1.000000 
-0.443641 0.005766 0.000000 -1.000000 
-0.437469 0.006172 0.000000 -1.000000 
-0.430936 0.006533 0.000000 -1.000000 
-0.424090 0.006847 2.000000 -1.000000 
-0.418978 0.005111 2.000000 -1.000000 
-0.415638 0.003340 2.000000 -1.000000 
-0.414094 0.001544 2.000000 -1.000000 
-0.414357 -0.000263 2.000000 -1.000000 
-0.416424 -0.002067 2.000000 -1.000000 
-0.420282 -0.003857 2.000000 -1.000000 
-0.425902 -0.005620 2.000000 -1.000000 
-0.433244 -0.007342 2.000000 -1.000000 
-0.442255 -0.009012 2.000000 -1.000000 
-0.452871 -0.010616 2.000000 -1.000000 
-0.465013 -0.012142 2.000000 -1.000000 
-0.478592 -0.013579 2.000000 -1.000000 
-0.493508 -0.014916 2.000000 -1.000000 
-0.509649 -0.016141 2.000000 -1.000000 
-0.526895 -0.017246 2.000000 -1.000000 
-0.545116 -0.018221 2.000000 -1.000000 
-0.564175 -0.019060 2.000000 -1.000000 
-0.583931 -0.019756 2.000000 -1.000000 
-0.604238 -0.020306 2.000000 -1.000000 
-0.624945 -0.020707 2.000000 -1.000000 
-0.645904 -0.020959 2.000000 -1.000000 
-0.666965 -0.021062 2.000000 -1.000000 
-0.687985 -0.021020 2.000000 -1.000000 
-0.708821 -0.020836 2.000000 -1.000000 
-0.729338 -0.020517 2.000000 -1.000000 
-0.749409 -0.020070 2.000000 -1.000000 
-0.768912 -0.019503 2.000000 -1.000000 
-0.787737 -0.018825 2.000000 -1.000000 
-0.805782 -0.018045 2.000000 -1.000000 
-0.822954 -0.017172 2.000000 -1.000000 
-0.839172 -0.016217 2.000000 -1.000000 
-0.854360 -0.015188 2.000000 -1.000000 
-0.868455 -0.014095 2.000000 -1.000000 
-0.881401 -0.012946 2.000000 -1.000000 
-0.893150 -0.011749 2.000000 -1.000000 
-0.903662 -0.010511 2.000000 -1.000000 
-0.912901 -0.009240 2.000000 -1.000000 
-0.920841 -0.007940 2.000000 -1.000000 
-0.927458 -0.006617 2.000000 -1.000000 
-0.932735 -0.005277 0.000000 -1.000000 
-0.934658 -0.001923 0.000000 -1.000000 
-0.933221 0.001436 0.000000 -1.000000 
-0.928430 0.004791 0.000000 -1.000000 
-0.920295 0.008134 0.000000 -1.000000 
-0.908840 0.011455 0.000000 -1.000000 
-0.894097 0.014743 0.000000 -1.000000 
-0.876113 0.017984 0.000000 -1.000000 
-0.854951 0.021162 0.000000 -1.000000 
-0.830693 0.024258 0.000000 -1.000000 
-0.803445 0.027249 0.000000 -1.000000 
-0.773335 0.030109 0.000000 -1.000000 
-0.740523 0.032812 0.000000 -1.000000 
-0.705197 0.035326 0.000000 -1.000000 
-0.667575 0.037622 0.000000 -1.000000 
-0.627906 0.039669 0.000000 -1.000000 
-0.586468 0.041438 0.000000 -1.000000 
-0.543561 0.042907 0.000000 -1.000000 
-0.499504 0.044057 0.000000 -1.000000 
-0.454628 0.044876 0.000000 -1.000000 
-0.409266 0.045362 0.000000 -1.000000 
-0.363744 0.045522 0.000000 -1.000000 
-0.318376 0.045368 0.000000 -1.000000 
-0.273451 0.044924 0.000000 -1.000000 
-0.229232 0.044220 0.000000 -1.000000 
-0.185944 0.043288 0.000000 -1.000000 
-0.143777 0.042167 0.000000 -1.000000 
-0.102882 0.040896 0.000000 -1.000000 
-0.063368 0.039514 0.000000 -1.000000 
-0.025309 0.038059 0.000000 -1.000000 
0.011257 0.036566 0.000000 -1.000000 
0.046325 0.035068 0.000000 -1.000000 
0.079916 0.033592 0.000000 -1.000000 
0.112079 0.032163 0.000000 -1.000000 
0.142883 0.030803 0.000000 -1.000000 
0.172412 0.029529 0.000000 -1.000000 
0.200768 0.028356 0.000000 -1.000000 
0.228064 0.027296 0.000000 -1.000000 
0.254423 0.026359 0.000000 -1.000000 
0.279976 0.025552 0.000000 -1.000000 
0.304860 0.024884 0.000000 -1.000000 
0.329218 0.024358 0.000000 -1.000000 
0.353200 0.023982 0.000000 -1.000000 
0.376958 0.023759 0.000000 -1.000000 
0.400652 0.023694 0.000000 -1.000000 
0.424445 0.023793 0.000000 -1.000000 
0.448505 0.024060 0.000000 -1.000000 
0.473007 0.024502 0.000000 -1.000000 
0.498130 0.025124 0.000000 -1.000000 
-0.566683 0.000000 0.000000 -1.000000 
-0.565361 0.001322 0.000000 -1.000000 
-0.562726 0.002635 0.000000 -1.000000 
-0.558799 0.003927 0.000000 -1.000000 
-0.553608 0.005191 0.000000 -1.000000 
-0.547192 0.006416 0.000000 -1.000000 
-0.539600 0.007592 0.000000 -1.000000 
-0.530887 0.008712 0.000000 -1.000000 
-0.521120 0.009767 0.000000 -1.000000 
-0.510372 0.010749 0.000000 -1.000000 
-0.498722 0.011649 0.000000 -1.000000 
-0.486259 0.012463 0.000000 -1.000000 
-0.473076 0.013183 0.000000 -1.000000 
-0.459270 0.013806 0.000000 -1.000000 
-0.444943 0.014327 0.000000 -1.000000 
-0.430201 0.014742 0.000000 -1.000000 
-0.415151 0.015051 0.000000 -1.000000 
-0.399899 0.015252 0.000000 -1.000000 
-0.384554 0.015345 0.000000 -1.000000 
-0.369222 0.015332 0.000000 -1.000000 
-0.354006 0.015215 2.000000 -1.000000 
-0.341009 0.012998 2.000000 -1.000000 
-0.330313 0.010696 2.000000 -1.000000 
-0.321988 0.008326 2.000000 -1.000000 
-0.316083 0.005904 2.000000 -1.000000 
-0.312637 0.003446 2.000000 -1.000000 
-0.311669 0.000968 2.000000 -1.000000 
-0.313186 -0.001517 2.000000 -1.000000 
-0.317178 -0.003992 2.000000 -1.000000 
-0.323621 -0.006443 2.000000 -1.000000 
-0.332476 -0.008855 2.000000 -1.000000 
-0.343687 -0.011211 2.000000 -1.000000 
-0.357182 -0.013496 2.000000 -1.000000 
-0.372875 -0.015693 2.000000 -1.000000 
-0.390660 -0.017785 2.000000 -1.000000 
-0.410415 -0.019756 2.000000 -1.000000 
-0.432004 -0.021588 2.000000 -1.000000 
-0.455270 -0.023267 2.000000 -1.000000 
-0.480046 -0.024776 2.000000 -1.000000 
-0.506147 -0.026101 2.000000 -1.000000 
-0.533379 -0.027232 2.000000 -1.000000 
-0.561538 -0.028159 2.000000 -1.000000 
-0.590413 -0.028875 2.000000 -1.000000 
-0.619790 -0.029377 2.000000 -1.000000 
-0.649455 -0.029666 2.000000 -1.000000 
-0.679199 -0.029744 2.000000 -1.000000 
-0.708818 -0.029619 2.000000 -1.000000 
-0.738118 -0.029300 2.000000 -1.000000 
-0.766918 -0.028800 2.000000 -1.000000 
-0.795051 -0.028133 2.000000 -1.000000 
-0.822366 -0.027315 2.000000 -1.000000 
-0.848728 -0.026362 2.000000 -1.000000 
-0.874020 -0.025292 2.000000 -1.000000 
-0.898142 -0.024122 2.000000 -1.000000 
-0.921010 -0.022868 2.000000 -1.000000 
-0.942556 -0.021545 2.000000 -1.000000 
-0.962723 -0.020167 2.000000 -1.000000 
-0.981470 -0.018747 2.000000 -1.000000 
-0.998765 -0.017295 2.000000 -1.000000 
-1.014587 -0.015822 2.000000 -1.000000 
-1.028921 -0.014334 2.000000 -1.000000 
-1.041758 -0.012838 2.000000 -1.000000 
-1.053096 -0.011338 2.000000 -1.000000 
-1.062935 -0.009838 2.000000 -1.000000 
-1.071276 -0.008341 0.000000 -1.000000 
-1.076123 -0.004848 0.000000 -1.000000 
-1.077480 -0.001357 0.000000 -1.000000 
-1.075348 0.002133 0.000000 -1.000000 
-1.069724 0.005624 0.000000 -1.000000 
-1.060606 0.009118 0.000000 -1.000000 
-1.047990 0.012616 0.000000 -1.000000 
-1.031873 0.016116 0.000000 -1.000000 
-1.012260 0.019613 0.000000 -1.000000 
-0.989160 0.023100 0.000000 -1.000000 
-0.962598 0.026562 0.000000 -1.000000 
-0.932617 0.029982 0.000000 -1.000000 
-0.899281 0.033336 0.000000 -1.000000 
-0.862688 0.036593 0.000000 -1.000000 
-0.822968 0.039720 0.000000 -1.000000 
-0.780292 0.042675 0.000000 -1.000000 
-0.734876 0.045416 0.000000 -1.000000 
-0.686980 0.047897 0.000000 -1.000000 
-0.636906 0.050073 0.000000 -1.000000 
-0.584999 0.051907 0.000000 -1.000000 
-0.531634 0.053365 0.000000 -1.000000 
-0.477209 0.054425 0.000000 -1.000000 
-0.422131 0.055078 0.000000 -1.000000 
-0.366802 0.055329 0.000000 -1.000000 
-0.311606 0.055196 0.000000 -1.000000 
-0.256895 0.054711 0.000000 -1.000000 
-0.202977 0.053917 0.000000 -1.000000 
-0.150110 0.052867 0.000000 -1.000000 
-0.098494 0.051616 0.000000 -1.000000 
-0.048270 0.050224 0.000000 -1.000000 
0.000480 0.048751 0.000000 -1.000000 
0.047731 0.047251 0.000000 -1.000000 
0.093507 0.045776 0.000000 -1.000000 
0.137881 0.044374 0.000000 -1.000000 
0.180966 0.043085 0.000000 -1.000000 
0.222910 0.041944 0.000000 -1.000000 
0.263893 0.040983 0.000000 -1.000000 
0.304119 0.040226 0.000000 -1.000000 
0.343815 0.039696 0.000000 -1.000000 
0.383227 0.039412 0.000000 -1.000000 
0.422618 0.039390 0.000000 -1.000000 
0.462262 0.039645 0.000000 -1.000000 
-0.461330 0.000000 0.000000 -1.000000 
-0.460794 0.000536 0.000000 -1.000000 
-0.459727 0.001067 2.000000 -1.000000 
-0.460136 -0.000409 0.000000 -1.000000 
-0.460017 0.000118 0.000000 -1.000000 
-0.459373 0.000644 0.000000 -1.000000 
-0.458208 0.001166 2.000000 -1.000000 
-0.458529 -0.000322 2.000000 -1.000000 
-0.460336 -0.001807 2.000000 -1.000000 
-0.463614 -0.003278 2.000000 -1.000000 
-0.468340 -0.004726 2.000000 -1.000000 
-0.474478 -0.006138 2.000000 -1.000000 
-0.481984 -0.007505 2.000000 -1.000000 
-0.490801 -0.008817 2.000000 -1.000000 
-0.500863 -0.010062 2.000000 -1.000000 
-0.512095 -0.011233 2.000000 -1.000000 
-0.524414 -0.012319 2.000000 -1.000000 
-0.537727 -0.013313 2.000000 -1.000000 
-0.551934 -0.014207 2.000000 -1.000000 
-0.566929 -0.014995 2.000000 -1.000000 
-0.582599 -0.015671 2.000000 -1.000000 
-0.598830 -0.016230 2.000000 -1.000000 
-0.615500 -0.016671 2.000000 -1.000000 
-0.632491 -0.016990 2.000000 -1.000000 
-0.649679 -0.017188 2.000000 -1.000000 
-0.666944 -0.017265 2.000000 -1.000000 
-0.684166 -0.017223 2.000000 -1.000000 
-0.701231 -0.017064 2.000000 -1.000000 
-0.718025 -0.016794 2.000000 -1.000000 
-0.734443 -0.016417 2.000000 -1.000000 
-0.750382 -0.015939 2.000000 -1.000000 
-0.765749 -0.015367 2.000000 -1.000000 
-0.780455 -0.014706 2.000000 -1.000000 
-0.794420 -0.013965 2.000000 -1.000000 
-0.807570 -0.013150 2.000000 -1.000000 
-0.819838 -0.012269 2.000000 -1.000000 
-0.831166 -0.011328 2.000000 -1.000000 
-0.841501 -0.010335 2.000000 -1.000000 
-0.850797 -0.009296 2.000000 -1.000000 
-0.859014 -0.008217 2.000000 -1.000000 
-0.866120 -0.007105 2.000000 -1.000000 
-0.872085 -0.005965 2.000000 -1.000000 
-0.876887 -0.004802 2.000000 -1.000000 
-0.880509 -0.003622 0.000000 -1.000000 
-0.880937 -0.000428 0.000000 -1.000000 
-0.878169 0.002768 0.000000 -1.000000 
-0.872216 0.005953 0.000000 -1.000000 
-0.863100 0.009116 0.000000 -1.000000 
-0.850855 0.012245 0.000000 -1.000000 
-0.835531 0.015323 0.000000 -1.000000 
-0.817195 0.018336 0.000000 -1.000000 
-0.795931 0.021264 0.000000 -1.000000 
-0.771844 0.024087 0.000000 -1.000000 
-0.745063 0.026781 0.000000 -1.000000 
-0.715740 0.029323 0.000000 -1.000000 
-0.684054 0.031685 0.000000 -1.000000 
-0.650212 0.033843 0.000000 -1.000000 
-0.614442 0.035770 0.000000 -1.000000 
-0.576999 0.037443 0.000000 -1.000000 
-0.538157 0.038842 0.000000 -1.000000 
-0.498207 0.039951 0.000000 -1.000000 
-0.457446 0.040760 0.000000 -1.000000 
-0.416179 0.041268 0.000000 -1.000000 
-0.374703 0.041476 0.000000 -1.000000 
-0.333307 0.041396 0.000000 -1.000000 
-0.292262 0.041045 0.000000 -1.000000 
-0.251816 0.040446 0.000000 -1.000000 
-0.212190 0.039626 0.000000 -1.000000 
-0.173575 0.038616 0.000000 -1.000000 
-0.136128 0.037447 0.000000 -1.000000 
-0.099975 0.036153 1.000000 -1.000000 
-0.066211 0.033764 1.000000 -1.000000 
-0.034898 0.031313 0.000000 -1.000000 
-0.005071 0.029827 0.000000 -1.000000 
0.023256 0.028327 0.000000 -1.000000 
0.050090 0.026833 1.000000 -1.000000 
0.074451 0.024362 0.000000 -1.000000 
0.097375 0.022924 0.000000 -1.000000 
0.118904 0.021530 0.000000 -1.000000 
0.139091 0.020187 0.000000 -1.000000 
0.157993 0.018901 0.000000 -1.000000 
0.175670 0.017677 0.000000 -1.000000 
0.192186 0.016516 0.000000 -1.000000 
0.207606 0.015420 0.000000 -1.000000 
0.221996 0.014390 0.000000 -1.000000 
0.235420 0.013424 0.000000 -1.000000 
0.247942 0.012522 0.000000 -1.000000 
0.259624 0.011682 0.000000 -1.000000 
0.270528 0.010903 0.000000 -1.000000 
0.280710 0.010182 0.000000 -1.000000 
0.290227 0.009517 0.000000 -1.000000 
0.299134 0.008907 0.000000 -1.000000 
0.307482 0.008348 0.000000 -1.000000 
0.315319 0.007838 0.000000 -1.000000 
0.322695 0.007376 0.000000 -1.000000 
0.329653 0.006958 0.000000 -1.000000 
0.336238 0.006584 0.000000 -1.000000 
0.342490 0.006252 0.000000 -1.000000 
0.348449 0.005960 0.000000 -1.000000 
0.354155 0.005706 0.000000 -1.000000 
0.359644 0.005489 0.000000 -1.000000 
0.364952 0.005308 0.000000 -1.000000 
0.370114 0.005163 0.000000 -1.000000 
0.375166 0.005052 0.000000 -1.000000 
0.380141 0.004975 0.000000 -1.000000 
0.385073 0.004932 0.000000 -1.000000 
0.389996 0.004923 0.000000 -1.000000 
0.394943 0.004947 0.000000 -1.000000 
0.399949 0.005006 0.000000 -1.000000 
0.405049 0.005100 0.000000 -1.000000 
0.410278 0.005229 0.000000 -1.000000 
0.415674 0.005396 0.000000 -1.000000 
0.421274 0.005600 0.000000 -1.000000 
0.427119 0.005845 0.000000 -1.000000 
0.433251 0.006131 0.000000 -1.000000 
0.439713 0.006462 0.000000 -1.000000 
0.446552 0.006840 0.000000 -1.000000 
0.453819 0.007267 0.000000 -1.000000 
0.461566 0.007747 0.000000 -1.000000 
0.469851 0.008285 0.000000 -1.000000 
0.478734 0.008883 0.000000 -1.000000 
0.488282 0.009548 0.000000 -1.000000 
0.498566 0.010284 0.000000 -1.000000 
-0.448936 0.000000 2.000000 -1.000000 
-0.450492 -0.001555 2.000000 -1.000000 
-0.453591 -0.003099 2.000000 -1.000000 
-0.458211 -0.004620 2.000000 -1.000000 
-0.464319 -0.006108 2.000000 -1.000000 
-0.471869 -0.007550 2.000000 -1.000000 
-0.480805 -0.008936 2.000000 -1.000000 
-0.491062 -0.010256 2.000000 -1.000000 
-0.502562 -0.011500 2.000000 -1.000000 
-0.515220 -0.012658 2.000000 -1.000000 
-0.528940 -0.013721 2.000000 -1.000000 
-0.543621 -0.014681 2.000000 -1.000000 
-0.559151 -0.015530 2.000000 -1.000000 
-0.575416 -0.016264 2.000000 -1.000000 
-0.592293 -0.016877 2.000000 -1.000000 
-0.609658 -0.017366 2.000000 -1.000000 
-0.627386 -0.017727 2.000000 -1.000000 
-0.645347 -0.017961 2.000000 -1.000000 
-0.663416 -0.018069 2.000000 -1.000000 
-0.681466 -0.018050 2.000000 -1.000000 
-0.699376 -0.017910 2.000000 -1.000000 
-0.717028 -0.017652 2.000000 -1.000000 
-0.734310 -0.017281 2.000000 -1.000000 
-0.751114 -0.016804 2.000000 -1.000000 
-0.767341 -0.016227 2.000000 -1.000000 
-0.782899 -0.015558 2.000000 -1.000000 
-0.797703 -0.014803 2.000000 -1.000000 
-0.811674 -0.013972 2.000000 -1.000000 
-0.824744 -0.013070 2.000000 -1.000000 
-0.836851 -0.012106 2.000000 -1.000000 
-0.847939 -0.011088 2.000000 -1.000000 
-0.857960 -0.010021 2.000000 -1.000000 
-0.866874 -0.008914 2.000000 -1.000000 
-0.874645 -0.007771 2.000000 -1.000000 
-0.881243 -0.006598 2.000000 -1.000000 
-0.886644 -0.005402 2.000000 -1.000000 
-0.890830 -0.004186 0.000000 -1.000000 
-0.891787 -0.000956 0.000000 -1.000000 
-0.889510 0.002277 0.000000 -1.000000 
-0.884007 0.005502 0.000000 -1.000000 
-0.875298 0.008709 0.000000 -1.000000 
-0.863415 0.011884 0.000000 -1.000000 
-0.848401 0.015013 0.000000 -1.000000 
-0.830320 0.018082 0.000000 -1.000000 
-0.809249 0.021071 0.000000 -1.000000 
-0.785288 0.023961 0.000000 -1.000000 
-0.758560 0.026728 0.000000 -1.000000 
-0.729213 0.029348 0.000000 -1.000000 
-0.697419 0.031794 0.000000 -1.000000 
-0.663380 0.034039 0.000000 -1.000000 
-0.627323 0.036057 0.000000 -1.000000 
-0.589501 0.037822 0.000000 -1.000000 
-0.550187 0.039313 0.000000 -1.000000 
-0.509674 0.040513 0.000000 -1.000000 
-0.468266 0.041408 0.000000 -1.000000 
-0.426271 0.041995 0.000000 -1.000000 
-0.383995 0.042276 0.000000 -1.000000 
-0.341736 0.042259 0.000000 -1.000000 
-0.299775 0.041962 0.000000 -1.000000 
-0.258369 0.041406 0.000000 -1.000000 
-0.217748 0.040620 0.000000 -1.000000 
-0.178113 0.039635 0.000000 -1.000000 
-0.139630 0.038484 1.000000 -1.000000 
-0.103430 0.036200 0.000000 -1.000000 
-0.068611 0.034819 0.000000 -1.000000 
-0.035239 0.033372 0.000000 -1.000000 
-0.003353 0.031886 0.000000 -1.000000 
0.027033 0.030386 0.000000 -1.000000 
0.055927 0.028894 0.000000 -1.000000 
0.083356 0.027429 0.000000 -1.000000 
0.109363 0.026007 0.000000 -1.000000 
0.134004 0.024640 0.000000 -1.000000 
0.157343 0.023340 0.000000 -1.000000 
0.179457 0.022113 0.000000 -1.000000 
0.200423 0.020967 0.000000 -1.000000 
0.220328 0.019905 0.000000 -1.000000 
0.239260 0.018932 0.000000 -1.000000 
0.257309 0.018049 0.000000 -1.000000 
0.274566 0.017257 0.000000 -1.000000 
0.291124 0.016558 0.000000 -1.000000 
0.307077 0.015953 0.000000 -1.000000 
0.322518 0.015441 0.000000 -1.000000 
0.337540 0.015022 0.000000 -1.000000 
0.352238 0.014698 0.000000 -1.000000 
0.366707 0.014469 0.000000 -1.000000 
0.381042 0.014335 0.000000 -1.000000 
0.395340 0.014298 0.000000 -1.000000 
0.409700 0.014360 0.000000 -1.000000 
0.424223 0.014522 0.000000 -1.000000 
0.439010 0.014788 0.000000 -1.000000 
0.454171 0.015160 0.000000 -1.000000 
0.469814 0.015643 0.000000 -1.000000 
0.486056 0.016242 0.000000 -1.000000 
-0.401541 0.000000 2.000000 -1.000000 
-0.403437 -0.001895 2.000000 -1.000000 
-0.407213 -0.003777 2.000000 -1.000000 
-0.412846 -0.005632 2.000000 -1.000000 
-0.420293 -0.007448 2.000000 -1.000000 
-0.429503 -0.009210 2.000000 -1.000000 
-0.440410 -0.010906 2.000000 -1.000000 
-0.452934 -0.012524 2.000000 -1.000000 
-0.466984 -0.014050 2.000000 -1.000000 
-0.482456 -0.015473 2.000000 -1.000000 
-0.499237 -0.016780 2.000000 -1.000000 
-0.517199 -0.017963 2.000000 -1.000000 
-0.536210 -0.019011 2.000000 -1.000000 
-0.556127 -0.019916 2.000000 -1.000000 
-0.576799 -0.020673 2.000000 -1.000000 
-0.598075 -0.021275 2.000000 -1.000000 
-0.619796 -0.021721 2.000000 -1.000000 
-0.641806 -0.022010 2.000000 -1.000000 
-0.663948 -0.022142 2.000000 -1.000000 
-0.686068 -0.022120 2.000000 -1.000000 
-0.708017 -0.021949 2.000000 -1.000000 
-0.729653 -0.021636 2.000000 -1.000000 
-0.750840 -0.021187 2.000000 -1.000000 
-0.771451 -0.020611 2.000000 -1.000000 
-0.791370 -0.019919 2.000000 -1.000000 
-0.810490 -0.019120 2.000000 -1.000000 
-0.828715 -0.018224 2.000000 -1.000000 
-0.845957 -0.017242 2.000000 -1.000000 
-0.862141 -0.016184 2.000000 -1.000000 
-0.877201 -0.015060 2.000000 -1.000000 
-0.891079 -0.013878 2.000000 -1.000000 
-0.903726 -0.012647 2.000000 -1.000000 
-0.915101 -0.011375 2.000000 -1.000000 
-0.925170 -0.010069 2.000000 -1.000000 
-0.933904 -0.008735 2.000000 -1.000000 
-0.941282 -0.007378 0.000000 -1.000000 
-0.945285 -0.004003 0.000000 -1.000000 
-0.945903 -0.000619 0.000000 -1.000000 
-0.943136 0.002767 0.000000 -1.000000 
-0.936990 0.006146 0.000000 -1.000000 
-0.927480 0.009511 0.000000 -1.000000 
-0.914629 0.012851 0.000000 -1.000000 
-0.898473 0.016156 0.000000 -1.000000 
-0.879062 0.019411 0.000000 -1.000000 
-0.856462 0.022600 0.000000 -1.000000 
-0.830760 0.025702 0.000000 -1.000000 
-0.802067 0.028693 0.000000 -1.000000 
-0.770520 0.031547 0.000000 -1.000000 
-0.736286 0.034234 0.000000 -1.000000 
-0.699563 0.036723 0.000000 -1.000000 
-0.660581 0.038982 0.000000 -1.000000 
-0.619600 0.040981 0.000000 -1.000000 
-0.576909 0.042691 0.000000 -1.000000 
-0.532820 0.044089 0.000000 -1.000000 
-0.487661 0.045158 0.000000 -1.000000 
-0.441772 0.045889 0.000000 -1.000000 
-0.395490 0.046282 0.000000 -1.000000 
-0.349145 0.046344 0.000000 -1.000000 
-0.303050 0.046095 0.000000 -1.000000 
-0.257491 0.045559 0.000000 -1.000000 
-0.212723 0.044769 0.000000 -1.000000 
-0.168962 0.043761 0.000000 -1.000000 
-0.126387 0.042575 0.000000 -1.000000 
-0.085135 0.041252 0.000000 -1.000000 
-0.045301 0.039834 0.000000 -1.000000 
-0.006945 0.038357 0.000000 -1.000000 
0.029912 0.036857 0.000000 -1.000000 
0.065279 0.035367 0.000000 -1.000000 
0.099194 0.033915 0.000000 -1.000000 
0.131719 0.032525 0.000000 -1.000000 
0.162937 0.031218 0.000000 -1.000000 
0.192947 0.030010 0.000000 -1.000000 
0.221865 0.028918 0.000000 -1.000000 
0.249816 0.027951 0.000000 -1.000000 
0.276937 0.027121 0.000000 -1.000000 
0.303372 0.026435 0.000000 -1.000000 
0.329273 0.025901 0.000000 -1.000000 
0.354798 0.025525 0.000000 -1.000000 
0.380111 0.025312 0.000000 -1.000000 
0.405380 0.025269 0.000000 -1.000000 
0.430781 0.025401 0.000000 -1.000000 
0.456494 0.025714 0.000000 -1.000000 
0.482708 0.026214 0.000000 -1.000000 
-0.519849 0.000000 0.000000 -1.000000 
-0.518877 0.000972 0.000000 -1.000000 
-0.516941 0.001936 0.000000 -1.000000 
-0.514054 0.002887 0.000000 -1.000000 
-0.510239 0.003815 0.000000 -1.000000 
-0.505524 0.004715 0.000000 -1.000000 
-0.499945 0.005579 0.000000 -1.000000 
-0.493543 0.006402 0.000000 -1.000000 
-0.486366 0.007177 0.000000 -1.000000 
-0.478468 0.007898 0.000000 -1.000000 
-0.469907 0.008561 0.000000 -1.000000 
-0.460747 0.009160 0.000000 -1.000000 
-0.451056 0.009691 0.000000 -1.000000 
-0.440904 0.010151 0.000000 -1.000000 
-0.430367 0.010538 0.000000 -1.000000 
-0.419519 0.010847 0.000000 -1.000000 
-0.408440 0.011079 0.000000 -1.000000 
-0.397207 0.011233 2.000000 -1.000000 
-0.387899 0.009307 2.000000 -1.000000 
-0.380582 0.007318 2.000000 -1.000000 
-0.375304 0.005278 2.000000 -1.000000 
-0.372103 0.003202 2.000000 -1.000000 
-0.370998 0.001104 2.000000 -1.000000 
-0.371999 -0.001001 2.000000 -1.000000 
-0.375098 -0.003099 2.000000 -1.000000 
-0.380274 -0.005176 2.000000 -1.000000 
-0.387493 -0.007218 2.000000 -1.000000 
-0.396704 -0.009211 2.000000 -1.000000 
-0.407844 -0.011140 2.000000 -1.000000 
-0.420834 -0.012991 2.000000 -1.000000 
-0.435584 -0.014749 2.000000 -1.000000 
-0.451985 -0.016402 2.000000 -1.000000 
-0.469920 -0.017935 2.000000 -1.000000 
-0.489256 -0.019336 2.000000 -1.000000 
-0.509848 -0.020593 2.000000 -1.000000 
-0.531544 -0.021696 2.000000 -1.000000 
-0.554180 -0.022636 2.000000 -1.000000 
-0.577588 -0.023407 2.000000 -1.000000 
-0.601592 -0.024004 2.000000 -1.000000 
-0.626016 -0.024424 2.000000 -1.000000 
-0.650684 -0.024668 2.000000 -1.000000 
-0.675422 -0.024738 2.000000 -1.000000 
-0.700061 -0.024638 2.000000 -1.000000 
-0.724437 -0.024376 2.000000 -1.000000 
-0.748396 -0.023959 2.000000 -1.000000 
-0.771794 -0.023398 2.000000 -1.000000 
-0.794498 -0.022704 2.000000 -1.000000 
-0.816386 -0.021889 2.000000 -1.000000 
-0.837351 -0.020964 2.000000 -1.000000 
-0.857294 -0.019944 2.000000 -1.000000 
-0.876132 -0.018838 2.000000 -1.000000 
-0.893793 -0.017660 2.000000 -1.000000 
-0.910213 -0.016421 2.000000 -1.000000 
-0.925342 -0.015129 2.000000 -1.000000 
-0.939136 -0.013794 2.000000 -1.000000 
-0.951560 -0.012424 2.000000 -1.000000 
-0.962586 -0.011026 2.000000 -1.000000 
-0.972193 -0.009606 0.000000 -1.000000 
-0.978362 -0.006169 0.000000 -1.000000 
-0.981085 -0.002723 0.000000 -1.000000 
-0.980356 0.000728 0.000000 -1.000000 
-0.976178 0.004178 0.000000 -1.000000 
-0.968556 0.007622 0.000000 -1.000000 
-0.957504 0.011053 0.000000 -1.000000 
-0.943041 0.014463 0.000000 -1.000000 
-0.925199 0.017842 0.000000 -1.000000 
-0.904023 0.021176 0.000000 -1.000000 
-0.879575 0.024449 0.000000 -1.000000 
-0.851935 0.027639 0.000000 -1.000000 
-0.821213 0.030723 0.000000 -1.000000 
-0.787543 0.033670 0.000000 -1.000000 
-0.751094 0.036449 0.000000 -1.000000 
-0.712068 0.039026 0.000000 -1.000000 
-0.670703 0.041365 0.000000 -1.000000 
-0.627271 0.043433 0.000000 -1.000000 
-0.582073 0.045198 0.000000 -1.000000 
-0.535438 0.046634 0.000000 -1.000000 
-0.487715 0.047723 0.000000 -1.000000 
-0.439261 0.048454 0.000000 -1.000000 
-0.390432 0.048829 0.000000 -1.000000 
-0.341576 0.048856 0.000000 -1.000000 
-0.293018 0.048558 0.000000 -1.000000 
-0.245055 0.047963 0.000000 -1.000000 
-0.197946 0.047109 0.000000 -1.000000 
-0.151909 0.046037 0.000000 -1.000000 
-0.107117 0.044792 0.000000 -1.000000 
-0.063697 0.043420 0.000000 -1.000000 
-0.021732 0.041966 0.000000 -1.000000 
0.018739 0.040471 0.000000 -1.000000 
0.057714 0.038975 0.000000 -1.000000 
0.095226 0.037512 0.000000 -1.000000 
0.131339 0.036113 0.000000 -1.000000 
0.166144 0.034805 0.000000 -1.000000 
0.199754 0.033609 0.000000 -1.000000 
0.232299 0.032545 0.000000 -1.000000 
0.263926 0.031628 0.000000 -1.000000 
0.294798 0.030871 0.000000 -1.000000 
0.325084 0.030287 0.000000 -1.000000 
0.354969 0.029884 0.000000 -1.000000 
0.384642 0.029673 0.000000 -1.000000 
0.414303 0.029661 0.000000 -1.000000 
0.444158 0.029856 0.000000 -1.000000 
0.474424 0.030265 0.000000 -1.000000 
-0.513519 0.000000 0.000000 -1.000000 
-0.512595 0.000924 0.000000 -1.000000 
-0.510753 0.001842 0.000000 -1.000000 
-0.508008 0.002746 0.000000 -1.000000 
-0.504379 0.003629 0.000000 -1.000000 
-0.499894 0.004485 0.000000 -1.000000 
-0.494587 0.005307 0.000000 -1.000000 
-0.488498 0.006090 0.000000 -1.000000 
-0.481671 0.006827 0.000000 -1.000000 
-0.474157 0.007513 0.000000 -1.000000 
-0.466014 0.008144 0.000000 -1.000000 
-0.457299 0.008714 0.000000 -1.000000 
-0.448079 0.009220 0.000000 -1.000000 
-0.438421 0.009659 0.000000 -1.000000 
-0.428394 0.010027 0.000000 -1.000000 
-0.418072 0.010322 0.000000 -1.000000 
-0.407528 0.010544 0.000000 -1.000000 
-0.396837 0.010691 0.000000 -1.000000 
-0.386074 0.010763 2.000000 -1.000000 
-0.377314 0.008761 2.000000 -1.000000 
-0.370615 0.006698 2.000000 -1.000000 
-0.366024 0.004591 2.000000 -1.000000 
-0.363572 0.002452 2.000000 -1.000000 
-0.363274 0.000298 2.000000 -1.000000 
-0.365133 -0.001859 2.000000 -1.000000 
-0.369136 -0.004003 2.000000 -1.000000 
-0.375256 -0.006120 2.000000 -1.000000 
-0.383453 -0.008197 2.000000 -1.000000 
-0.393670 -0.010217 2.000000 -1.000000 
-0.405837 -0.012167 2.000000 -1.000000 
-0.419869 -0.014032 2.000000 -1.000000 
-0.435666 -0.015797 2.000000 -1.000000 
-0.453116 -0.017449 2.000000 -1.000000 
-0.472090 -0.018974 2.000000 -1.000000 
-0.492449 -0.020359 2.000000 -1.000000 
-0.514041 -0.021592 2.000000 -1.000000 
-0.536704 -0.022664 2.000000 -1.000000 
-0.560270 -0.023565 2.000000 -1.000000 
-0.584561 -0.024291 2.000000 -1.000000 
-0.609397 -0.024836 2.000000 -1.000000 
-0.634597 -0.025200 2.000000 -1.000000 
-0.659980 -0.025383 2.000000 -1.000000 
-0.685368 -0.025388 2.000000 -1.000000 
-0.710590 -0.025222 2.000000 -1.000000 
-0.735482 -0.024892 2.000000 -1.000000 
-0.759890 -0.024408 2.000000 -1.000000 
-0.783670 -0.023780 2.000000 -1.000000 
-0.806692 -0.023022 2.000000 -1.000000 
-0.828836 -0.022145 2.000000 -1.000000 
-0.849999 -0.021162 2.000000 -1.000000 
-0.870086 -0.020087 2.000000 -1.000000 
-0.889017 -0.018932 2.000000 -1.000000 
-0.906725 -0.017708 2.000000 -1.000000 
-0.923152 -0.016427 2.000000 -1.000000 
-0.938250 -0.015098 2.000000 -1.000000 
-0.951980 -0.013730 2.000000 -1.000000 
-0.964311 -0.012331 2.000000 -1.000000 
-0.975220 -0.010908 2.000000 -1.000000 
-0.984686 -0.009466 0.000000 -1.000000 
-0.990696 -0.006010 0.000000 -1.000000 
-0.993242 -0.002546 0.000000 -1.000000 
-0.992321 0.000921 0.000000 -1.000000 
-0.987934 0.004387 0.000000 -1.000000 
-0.980086 0.007848 0.000000 -1.000000 
-0.968788 0.011298 0.000000 -1.000000 
-0.954060 0.014729 0.000000 -1.000000 
-0.935928 0.018132 0.000000 -1.000000 
-0.914434 0.021494 0.000000 -1.000000 
-0.889636 0.024798 0.000000 -1.000000 
-0.861612 0.028024 0.000000 -1.000000 
-0.830466 0.031146 0.000000 -1.000000 
-0.796329 0.034136 0.000000 -1.000000 
-0.759368 0.036961 0.000000 -1.000000 
-0.719783 0.039586 0.000000 -1.000000 
-0.677809 0.041973 0.000000 -1.000000 
-0.633720 0.044089 0.000000 -1.000000 
-0.587820 0.045900 0.000000 -1.000000 
-0.540441 0.047379 0.000000 -1.000000 
-0.491936 0.048505 0.000000 -1.000000 
-0.442668 0.049268 0.000000 -1.000000 
-0.393001 0.049667 0.000000 -1.000000 
-0.343289 0.049712 0.000000 -1.000000 
-0.293864 0.049425 0.000000 -1.000000 
-0.245029 0.048835 0.000000 -1.000000 
-0.197048 0.047981 0.000000 -1.000000 
-0.150143 0.046905 0.000000 -1.000000 
-0.104489 0.045654 0.000000 -1.000000 
-0.060212 0.044276 0.000000 -1.000000 
-0.017395 0.042817 0.000000 -1.000000 
0.023925 0.041320 0.000000 -1.000000 
0.063751 0.039827 0.000000 -1.000000 
0.102124 0.038372 0.000000 -1.000000 
0.139112 0.036989 0.000000 -1.000000 
0.174816 0.035703 0.000000 -1.000000 
0.209355 0.034539 0.000000 -1.000000 
0.242871 0.033516 0.000000 -1.000000 
0.275522 0.032651 0.000000 -1.000000 
0.307480 0.031958 0.000000 -1.000000 
0.338928 0.031448 0.000000 -1.000000 
0.370061 0.031133 0.000000 -1.000000 
0.401082 0.031021 0.000000 -1.000000 
0.432205 0.031123 0.000000 -1.000000 
0.463651 0.031446 0.000000 -1.000000 
0.495650 0.031999 0.000000 -1.000000 
-0.546912 0.000000 0.000000 -1.000000 
-0.545738 0.001175 0.000000 -1.000000 
-0.543397 0.002341 0.000000 -1.000000 
-0.539908 0.003489 0.000000 -1.000000 
-0.535297 0.004611 0.000000 -1.000000 
-0.529598 0.005699 0.000000 -1.000000 
-0.522854 0.006744 0.000000 -1.000000 
-0.515115 0.007738 0.000000 -1.000000 
-0.506440 0.008675 0.000000 -1.000000 
-0.496894 0.009546 0.000000 -1.000000 
-0.486548 0.010346 0.000000 -1.000000 
-0.475479 0.011069 0.000000 -1.000000 
-0.463770 0.011709 0.000000 -1.000000 
-0.451507 0.012263 0.000000 -1.000000 
-0.438781 0.012726 0.000000 -1.000000 
-0.425684 0.013097 0.000000 -1.000000 
-0.412311 0.013373 0.000000 -1.000000 
-0.398757 0.013554 2.000000 -1.000000 
-0.387117 0.011639 2.000000 -1.000000 
-0.377473 0.009644 2.000000 -1.000000 
-0.369890 0.007583 2.000000 -1.000000 
-0.364420 0.005471 2.000000 -1.000000 
-0.361098 0.003322 2.000000 -1.000000 
-0.359947 0.001151 2.000000 -1.000000 
-0.360976 -0.001028 2.000000 -1.000000 
-0.364176 -0.003200 2.000000 -1.000000 
-0.369526 -0.005351 2.000000 -1.000000 
-0.376992 -0.007465 2.000000 -1.000000 
-0.386521 -0.009530 2.000000 -1.000000 
-0.398051 -0.011529 2.000000 -1.000000 
-0.411499 -0.013449 2.000000 -1.000000 
-0.426773 -0.015274 2.000000 -1.000000 
-0.443763 -0.016990 2.000000 -1.000000 
-0.462346 -0.018583 2.000000 -1.000000 
-0.482385 -0.020040 2.000000 -1.000000 
-0.503733 -0.021348 2.000000 -1.000000 
-0.526230 -0.022497 2.000000 -1.000000 
-0.549707 -0.023477 2.000000 -1.000000 
-0.573989 -0.024281 2.000000 -1.000000 
-0.598894 -0.024905 2.000000 -1.000000 
-0.624239 -0.025345 2.000000 -1.000000 
-0.649840 -0.025602 2.000000 -1.000000 
-0.675518 -0.025677 2.000000 -1.000000 
-0.701095 -0.025577 2.000000 -1.000000 
-0.726402 -0.025308 2.000000 -1.000000 
-0.751281 -0.024879 2.000000 -1.000000 
-0.775582 -0.024301 2.000000 -1.000000 
-0.799168 -0.023586 2.000000 -1.000000 
-0.821915 -0.022747 2.000000 -1.000000 
-0.843711 -0.021796 2.000000 -1.000000 
-0.864459 -0.020748 2.000000 -1.000000 
-0.884074 -0.019614 2.000000 -1.000000 
-0.902481 -0.018408 2.000000 -1.000000 
-0.919621 -0.017140 2.000000 -1.000000 
-0.935441 -0.015820 2.000000 -1.000000 
-0.949901 -0.014460 2.000000 -1.000000 
-0.962966 -0.013065 2.000000 -1.000000 
-0.974611 -0.011645 2.000000 -1.000000 
-0.984815 -0.010204 2.000000 -1.000000 
-0.993562 -0.008747 0.000000 -1.000000 
-0.998842 -0.005280 0.000000 -1.000000 
-1.000648 -0.001806 0.000000 -1.000000 
-0.998979 0.001670 0.000000 -1.000000 
-0.993835 0.005144 0.000000 -1.000000 
-0.985224 0.008612 0.000000 -1.000000 
-0.973155 0.012068 0.000000 -1.000000 
-0.957648 0.015507 0.000000 -1.000000 
-0.938731 0.018917 0.000000 -1.000000 
-0.916445 0.022286 0.000000 -1.000000 
-0.890848 0.025596 0.000000 -1.000000 
-0.862022 0.028826 0.000000 -1.000000 
-0.830072 0.031950 0.000000 -1.000000 
-0.795133 0.034938 0.000000 -1.000000 
-0.757376 0.037757 0.000000 -1.000000 
-0.717006 0.040370 0.000000 -1.000000 
-0.674265 0.042741 0.000000 -1.000000 
-0.629433 0.044833 0.000000 -1.000000 
-0.582820 0.046613 0.000000 -1.000000 
-0.534765 0.048055 0.000000 -1.000000 
-0.485626 0.049139 0.000000 -1.000000 
-0.435771 0.049854 0.000000 -1.000000 
-0.385568 0.050203 0.000000 -1.000000 
-0.335371 0.050197 0.000000 -1.000000 
-0.285511 0.049860 0.000000 -1.000000 
-0.236289 0.049222 0.000000 -1.000000 
-0.187965 0.048324 0.000000 -1.000000 
-0.140754 0.047211 0.000000 -1.000000 
-0.094823 0.045931 0.000000 -1.000000 
-0.050291 0.044531 0.000000 -1.000000 
-0.007232 0.043060 0.000000 -1.000000 
0.034329 0.041560 0.000000 -1.000000 
0.074402 0.040074 0.000000 -1.000000 
0.113038 0.038636 0.000000 -1.000000 
0.150316 0.037278 0.000000 -1.000000 
0.186343 0.036028 0.000000 -1.000000 
0.221252 0.034908 0.000000 -1.000000 
0.255191 0.033939 0.000000 -1.000000 
0.288328 0.033137 0.000000 -1.000000 
0.320843 0.032515 0.000000 -1.000000 
0.352929 0.032086 0.000000 -1.000000 
0.384791 0.031862 0.000000 -1.000000 
0.416642 0.031850 0.000000 -1.000000 
0.448703 0.032062 0.000000 -1.000000 
0.481208 0.032505 0.000000 -1.000000 